12346499,1234571480
12348762,1234569935
12346740,1234568240
12350616,1234572173
12347169,1234571500
12345746,1234570814
12347881,1234568125
12349806,1234572506
12348517,1234571165
12349661,1234570067
12349548,1234572173
12347856,1234568042
12346332,1234570483
12347757,1234571747
12346293,1234570344
12347490,1234569204
12347840,1234571239
12350661,1234572447
12349537,1234568290
12349134,1234568838
12350097,1234571526
12348764,1234571537
12349259,1234569208
12349789,1234568769
12350436,1234570108
12346092,1234569397
12349962,1234572309
12346041,1234571277
12350133,1234572675
12346271,1234570621
12348025,1234569610
12347306,1234571006
12346023,1234570003
12350338,1234570722
12346165,1234569540
12346330,1234569690
12348037,1234572289
12346513,1234570436
12347347,1234570710
12350592,1234571401
12347123,1234570279
12346991,1234570068
12346025,1234572051
12349136,1234571395
12347861,1234568178
12348556,1234568066
12347333,1234571205
12348881,1234571234
12350175,1234568010
12350661,1234568407
12348371,1234568194
12346001,1234569997
12346644,1234569982
12348259,1234572196
12347496,1234570048
12350524,1234568959
12348505,1234570583
12349734,1234568229
12347136,1234568137
12349578,1234569221
12346740,1234570431
12349757,1234568376
12346685,1234572280
12346191,1234568066
12349592,1234570404
12348304,1234568517
12349996,1234571620
12347868,1234569904
12347093,1234570601
12345786,1234570234
12348727,1234568633
12347818,1234569340
12346302,1234572493
12345726,1234571337
12350561,1234571898
12347226,1234569650
12349974,1234571954
12346869,1234572437
12349487,1234571104
12350200,1234568661
12348389,1234571844
12349415,1234568227
12347865,1234570890
12348851,1234568613
12347366,1234571434
12347673,1234572198
12347629,1234568220
12349816,1234572764
12348231,1234568279
12347500,1234571920
12346590,1234569641
12347318,1234569399
12346597,1234569620
12348616,1234568863
12345873,1234567963
12345828,1234568228
12349134,1234571194
12346562,1234569175
12347070,1234568208
12346114,1234570955
12349195,1234571556
12346738,1234569665
12346762,1234572819
12348401,1234568258
12347097,1234569381
12346834,1234571020
12348452,1234572712
12349542,1234568920
12347470,1234569742
12348653,1234572573
12350021,1234570947
12346317,1234571667
12346954,1234568720
12348295,1234570075
12350594,1234570640
12348110,1234571663
12350333,1234571713
12346040,1234570329
12348423,1234572300
12348709,1234571010
12348723,1234568779
12346374,1234568141
12349740,1234568665
12349695,1234569539
12350502,1234571094
12349088,1234571332
12346912,1234569858
12349583,1234569411
12349271,1234572806
12347225,1234569011
12346783,1234569398
12349899,1234571239
12350163,1234569411
12350346,1234569054
12349455,1234571959
12349342,1234570517
12349807,1234568397
12346318,1234570848
12345720,1234572522
12350675,1234572850
12347338,1234568403
12345798,1234571415
12347902,1234572490
12347071,1234570541
12347647,1234569079
12349987,1234568427
12347420,1234569237
12348456,1234568011
12346863,1234571873
12345774,1234569221
12349950,1234568627
12347803,1234571401
12347657,1234571408
12348795,1234572506
12349142,1234570217
12350577,1234569531
12346594,1234572144
12347679,1234571374
12348881,1234568761
12346175,1234570817
12348788,1234572833
12350184,1234570563
12350355,1234569305
12347403,1234569023
12348552,1234569321
12348966,1234570151
12347923,1234570071
12350455,1234569366
12348267,1234568048
12348913,1234568446
12348392,1234569762
12346016,1234572241
12346505,1234571932
12349779,1234570633
12346297,1234569782
12350131,1234567991
12349774,1234571865
12348222,1234570665
12346980,1234568043
12348561,1234570350
12348847,1234571870
12346809,1234569664
12348607,1234571110
12349333,1234570069
12346744,1234570516
12347648,1234570851
12347781,1234568535
12345993,1234571727
12349633,1234572265
12347016,1234568028
12346402,1234569404
12349939,1234569131
12350123,1234572159
12347867,1234569853
12349767,1234568465
12348648,1234572045
12350364,1234568290
12349343,1234569870
12346517,1234571265
12348615,1234572502
12345725,1234568638
12348706,1234571523
12349865,1234568123
12350384,1234568566
12349593,1234570160
12348369,1234571469
12350585,1234568113
12347087,1234572728
12346884,1234568308
12350059,1234568686
12348420,1234571223
12348359,1234570320
12348836,1234568990
12347687,1234569231
12347017,1234570786
12348797,1234569459
12348935,1234569929
12349921,1234570492
12347809,1234572281
12348341,1234569293
12346434,1234568362
12347828,1234571743
12347156,1234569200
12346981,1234571768
12346493,1234569542
12350008,1234572172
12348910,1234569574
12346569,1234572323
12346268,1234569527
12346283,1234570164
12345813,1234567994
12348615,1234572811
12345863,1234569686
12345904,1234568686
12347825,1234572807
12349225,1234568135
12347964,1234572813
12347476,1234571016
12348387,1234570597
12345813,1234569756
12349084,1234568093
12348207,1234571723
12346333,1234568983
12348074,1234570714
12349714,1234570540
12348642,1234570841
12350076,1234570684
12345769,1234569639
12350598,1234568405
12346036,1234567938
12350011,1234569507
12348883,1234568734
12349646,1234570321
12350034,1234572815
12350422,1234570592
12347536,1234570102
12346520,1234572214
12346163,1234571156
12349189,1234570855
12349398,1234570351
12346728,1234568095
12348379,1234569167
12349811,1234570783
12348662,1234567936
12349136,1234569855
12346242,1234569495
12349639,1234572062
12347243,1234569474
12347204,1234572556
12346984,1234571577
12346415,1234571670
12350204,1234569088
12348933,1234568023
12347598,1234570730
12349321,1234571642
12348057,1234572205
12347559,1234568283
12349307,1234569352
12346626,1234570942
12349496,1234569481
12349009,1234571358
12348950,1234572196
12350282,1234570423
12350575,1234571172
12349569,1234571527
12350013,1234571253
12348412,1234570269
12346397,1234572584
12350314,1234568417
12347689,1234568420
12347379,1234570460
12348353,1234572103
12349158,1234570808
12345693,1234570804
12349368,1234568270
12346915,1234571269
12348965,1234570497
12346062,1234571180
12349343,1234571359
12345848,1234569154
12348122,1234572748
12350562,1234567942
12350654,1234570720
12350102,1234572033
12350066,1234568011
12350615,1234569755
12346226,1234570106
12347529,1234571236
12346892,1234567929
12347138,1234568232
12350036,1234570285
12346783,1234568536
12346590,1234570599
12350428,1234570167
12348439,1234569601
12348004,1234572103
12350577,1234570887
12347692,1234571874
12350216,1234569058
12348982,1234570883
12347300,1234569324
12350342,1234570268
12350404,1234571237
12349860,1234571839
12348514,1234571037
12350084,1234571406
12348403,1234568594
12349212,1234572157
12347688,1234570169
12349146,1234570147
12350658,1234569736
12347941,1234570458
12350296,1234572468
12347545,1234572615
12348369,1234571569
12345709,1234569621
12348962,1234570203
12346699,1234571300
12346608,1234568416
12346430,1234570441
12347996,1234568812
12347579,1234568829
12348331,1234572489
12350269,1234571790
12346708,1234569428
12347323,1234571225
12350283,1234568102
12348074,1234568860
12348615,1234571852
12347242,1234570542
12348924,1234571440
12347013,1234568395
12348096,1234571551
12347014,1234572018
12349337,1234568270
12346113,1234569682
12349149,1234570982
12350656,1234568910
12347461,1234569122
12346152,1234568049
12349515,1234568783
12347551,1234570601
12350230,1234572181
12347064,1234571032
12346017,1234570062
12347515,1234572035
12346602,1234569051
12348613,1234571325
12346357,1234572479
12350372,1234571617
12349896,1234569205
12350294,1234572174
12346865,1234569274
12349543,1234568416
12346571,1234569366
12348692,1234568822
12349591,1234572759
12348355,1234570604
12347006,1234570114
12346423,1234568341
12347122,1234568846
12347031,1234568069
12346838,1234569721
12350051,1234572769
12348324,1234571703
12346216,1234568851
12349964,1234572707
12349313,1234568846
12347869,1234570115
12347275,1234571473
12348426,1234570300
12349172,1234569355
12346370,1234568027
12346514,1234569358
12348282,1234572017
12347688,1234569705
12349956,1234571378
12348846,1234570958
12348584,1234570547
12349651,1234568238
12350109,1234571856
12346554,1234571073
12348378,1234572094
12347826,1234569076
12347617,1234570571
12347263,1234571710
12346186,1234572720
12348073,1234571450
12349061,1234570438
12350669,1234568683
12349643,1234569091
12349977,1234569898
12345835,1234569369
12348848,1234571736
12347783,1234570085
12347125,1234572758
12345928,1234569985
12346060,1234569243
12347926,1234567894
12350018,1234571971
12346716,1234569063
12346657,1234568719
12350347,1234568760
12347236,1234568900
12350385,1234569521
12346359,1234570515
12346350,1234571931
12348665,1234568188
12346069,1234569454
12349024,1234568754
12349791,1234569349
12346951,1234570185
12346271,1234569952
12349734,1234568250
12347488,1234567977
12349496,1234568199
12346951,1234570731
12350076,1234572044
12347773,1234568369
12346134,1234572156
12348912,1234568578
12349795,1234572322
12350306,1234570658
12348852,1234570939
12348677,1234570565
12348143,1234568625
12350077,1234572864
12349305,1234572031
12349705,1234572057
12347399,1234572378
12350363,1234572426
12348680,1234567943
12347234,1234571613
12345773,1234572286
12348283,1234572348
12346455,1234572546
12348794,1234570682
12346671,1234570605
12349214,1234568280
12350388,1234569724
12348227,1234568905
12347821,1234569427
12349400,1234569741
12346346,1234570465
12348085,1234571094
12348746,1234571469
12349274,1234572173
12347140,1234571915
12349250,1234570822
12346799,1234572111
12347579,1234568184
12348797,1234571421
12350525,1234568504
12347961,1234572064
12349920,1234568710
12349294,1234568890
12346891,1234568703
12348448,1234568269
12349141,1234569247
12345972,1234569301
12349998,1234569100
12349312,1234571034
12349402,1234568822
12348598,1234570341
12348188,1234572043
12348639,1234572634
12347876,1234568656
12345936,1234569700
12345826,1234568762
12348822,1234570825
12347559,1234572392
12348602,1234571188
12347533,1234568811
12347498,1234570562
12348501,1234568381
12348548,1234569365
12345865,1234572819
12345838,1234570549
12346228,1234572203
12347318,1234570866
12347831,1234571703
12346051,1234568011
12346750,1234571847
12345786,1234568792
12350547,1234567936
12348380,1234568410
12347092,1234571685
12345743,1234569040
12349524,1234571250
12349891,1234569312
12346603,1234571567
12346211,1234571936
12346722,1234570525
12346927,1234571220
12348900,1234568917
12350637,1234572141
12350418,1234571479
12348454,1234572440
12348578,1234572390
12347765,1234571967
12345749,1234568702
12349551,1234569387
12350451,1234570677
12346730,1234568047
12348145,1234568761
12349415,1234569492
12346342,1234569902
12348170,1234568089
12347602,1234569663
12349520,1234571442
12346515,1234570753
12350413,1234569740
12348265,1234569823
12349055,1234572517
12349399,1234572075
12347165,1234572061
12346751,1234569766
12350308,1234570319
12347745,1234568614
12346882,1234571799
12346519,1234572110
12350506,1234568159
12346502,1234570083
12348578,1234572624
12349614,1234568494
12347921,1234572172
12349494,1234572616
12349066,1234569856
12346998,1234572314
12349848,1234572847
12347362,1234568315
12345708,1234571488
12348215,1234572777
12347957,1234569764
12347088,1234571135
12349586,1234572351
12349843,1234570674
12349551,1234569124
12348022,1234570855
12347370,1234569044
12350092,1234568003
12346742,1234572236
12346162,1234570699
12347437,1234570197
12348567,1234570480
12347056,1234569567
12348449,1234568014
12345994,1234571084
12347124,1234569890
12346539,1234568631
12347479,1234567907
12349039,1234571117
12347106,1234568047
12345879,1234570113
12347151,1234572832
12347565,1234571073
12350400,1234571987
12347133,1234568410
12349604,1234571827
12347066,1234570999
12345862,1234570741
12349181,1234569539
12346285,1234569966
12346576,1234571435
12345933,1234568896
12350628,1234569151
12345752,1234570291
12349672,1234571747
12349507,1234571155
12350638,1234571477
12350653,1234569661
12349153,1234572438
12345979,1234569448
12346125,1234569563
12349346,1234572578
12349753,1234571370
12346818,1234572699
12345986,1234571405
12349359,1234571058
12349682,1234568019
12350368,1234570080
12348270,1234571362
12349781,1234569608
12346439,1234572878
12348607,1234571812
12349293,1234571794
12349818,1234572641
12346673,1234572533
12346286,1234569315
12347186,1234569037
12348915,1234572887
12347441,1234569955
12347142,1234568940
12349718,1234571749
12349126,1234568380
12347863,1234568110
12350310,1234569362
12346466,1234570732
12345753,1234571352
12346968,1234568308
12349030,1234571780
12347136,1234567975
12345855,1234569806
12349219,1234568528
12349114,1234569908
12350566,1234572343
12348554,1234569192
12346628,1234572155
12348737,1234572674
12347716,1234568410
12347697,1234570357
12347613,1234569841
12349436,1234572376
12348161,1234571740
12347400,1234572361
12350395,1234571800
12346253,1234570525
12346599,1234568960
12347153,1234571091
12345837,1234567963
12350368,1234568915
12350345,1234569510
12346477,1234571061
12346060,1234569418
12350354,1234571915
12346846,1234571937
12347933,1234570908
12346691,1234572352
12347578,1234571305
12346037,1234570641
12347829,1234569418
12346565,1234570808
12349213,1234569594
12348304,1234572026
12349149,1234572625
12349295,1234572456
12346834,1234568948
12346837,1234569339
12349081,1234570732
12345738,1234571081
12349996,1234572402
12346961,1234568505
12347729,1234568972
12347482,1234571011
12347839,1234568786
12350092,1234568946
12349720,1234568138
12347424,1234572166
12349882,1234570029
12349014,1234570833
12349456,1234572745
12347388,1234572841
12346836,1234571322
12349447,1234569731
12347287,1234572372
12349474,1234569103
12350019,1234571083
12349222,1234568415
12346119,1234570445
12349284,1234571649
12350631,1234571794
12347348,1234569548
12346382,1234572613
12347841,1234569378
12347176,1234571978
12345973,1234569529
12347974,1234572771
12350004,1234568642
12349418,1234570950
12349354,1234572720
12346017,1234571236
12347543,1234571125
12346821,1234569527
12346483,1234568409
12347688,1234570346
12350604,1234567944
12346472,1234572855
12347206,1234572752
12347348,1234569713
12348411,1234568847
12345849,1234569353
12348378,1234569257
12350057,1234570816
12347089,1234568136
12347834,1234572616
12348139,1234569976
12347382,1234568424
12350418,1234567965
12350170,1234569357
12348229,1234572415
12345971,1234571441
12350476,1234572549
12347929,1234568696
12349525,1234568697
12350018,1234570221
12345830,1234568092
12346796,1234569192
12348596,1234571082
12348283,1234570979
12347562,1234568743
12347033,1234571183
12346917,1234569260
12349776,1234571264
12346563,1234569728
12347857,1234570043
12348901,1234569053
12349318,1234572570
12346820,1234572834
12350043,1234572119
12348075,1234569210
12346948,1234568641
12345714,1234568550
12347752,1234568995
12347231,1234571141
12346268,1234569236
12350297,1234568447
12348114,1234568167
12347246,1234569136
12348545,1234569858
12348009,1234571533
12349746,1234569152
12346041,1234568276
12349223,1234568406
12345921,1234571790
12346517,1234571061
12347810,1234569737
12350073,1234571945
12350259,1234572369
12348952,1234572365
12348054,1234571132
12347666,1234568753
12347272,1234571230
12347307,1234570503
12347072,1234570155
12349311,1234572559
12346829,1234568802
12349197,1234570759
12347170,1234570685
12350032,1234568503
12348221,1234571241
12347180,1234571094
12347484,1234571551
12349237,1234570089
12350561,1234572244
12349516,1234569661
12347597,1234572445
12350473,1234571097
12349271,1234572662
12346290,1234571213
12349356,1234568828
12348136,1234568584
12348684,1234572661
12349114,1234570767
12347449,1234570235
12349135,1234568333
12349523,1234568650
12348524,1234569071
12349045,1234568288
12350134,1234572067
12346651,1234568934
12347094,1234568202
12347518,1234570729
12348060,1234571328
12345913,1234567987
12349805,1234569045
12349445,1234571531
12346997,1234569728
12347547,1234570061
12346717,1234572243
12347406,1234568576
12347535,1234568635
12350600,1234567922
12349184,1234572795
12348682,1234568438
12347010,1234569037
12348672,1234570025
12346271,1234570074
12348475,1234571432
12348631,1234569319
12345716,1234570796
12350292,1234568568
12348816,1234569040
12350076,1234570567
12349779,1234572125
12349290,1234569686
12346371,1234572851
12349131,1234571605
12346885,1234571791
12349409,1234569751
12346108,1234568945
12349903,1234571363
12347011,1234570741
12349984,1234570011
12349514,1234569180
12347363,1234570334
12345941,1234570181
12346614,1234568365
12346705,1234568263
12346456,1234572014
12349705,1234570017
12350470,1234569743
12349144,1234568331
12346871,1234569234
12347331,1234568544
12345681,1234572001
12347453,1234572380
12346108,1234571935
12347919,1234571135
12348125,1234571220
12347173,1234570671
12345731,1234572715
12347726,1234570798
12349375,1234571302
12346981,1234568713
12346130,1234570282
12349173,1234572779
12350049,1234571050
12347407,1234568457
12346315,1234572008
12349437,1234569569
12350282,1234568783
12347728,1234572300
12347252,1234572682
12347111,1234571781
12348338,1234571736
12350014,1234570259
12346475,1234569683
12347239,1234568701
12349718,1234570669
12345844,1234569914
12350375,1234571904
12349768,1234572626
12348418,1234570824
12346331,1234571976
12350183,1234568940
12347081,1234571136
12347235,1234572752
12349650,1234567908
12348466,1234568762
12347649,1234570408
12348604,1234570494
12346235,1234567894
12350395,1234569009
12346206,1234570614
12346901,1234571658
12348914,1234569234
12346857,1234568590
12345956,1234568980
12349165,1234569096
12346398,1234568832
12348445,1234572216
12347825,1234568373
12347766,1234567980
12347608,1234571509
12349571,1234569216
12346029,1234571446
12346568,1234568640
12345736,1234571642
12345924,1234570029
12347695,1234569398
12346546,1234571094
12345967,1234569504
12348485,1234568906
12347297,1234567961
12349032,1234570920
12348780,1234572340
12348294,1234569635
12347421,1234572604
12346258,1234570943
12348030,1234570245
12347883,1234572441
12350242,1234568467
12349863,1234569429
12349369,1234571045
12348465,1234568191
12348763,1234568615
12347866,1234569463
12345960,1234570049
12350329,1234568938
12346811,1234571220
12347525,1234570766
12350430,1234570369
12347285,1234570625
12346770,1234570269
12347425,1234570530
12348500,1234569076
12349351,1234571724
12349286,1234572624
12350471,1234569129
12346314,1234571595
12347305,1234569896
12350546,1234571772
12349976,1234570407
12350246,1234569167
12349351,1234569209
12347352,1234571078
12348977,1234569779
12348004,1234571454
12349753,1234571482
12346552,1234571783
12348126,1234568052
12349120,1234571043
12346412,1234568350
12349556,1234569610
12349017,1234567905
12349087,1234568527
12349194,1234570809
12346367,1234570526
12350065,1234569513
12349348,1234570699
12349246,1234568539
12347162,1234572798
12347949,1234570330
12347260,1234569098
12347540,1234568419
12346865,1234572502
12349556,1234568493
12347922,1234572419
12348186,1234570358
12349244,1234572831
12349458,1234570942
12348538,1234570182
12348001,1234568898
12350301,1234572576
12347754,1234571087
12350342,1234571718
12349895,1234571276
12347873,1234572485
12349330,1234570231
12350635,1234568936
12346506,1234567957
12347918,1234570919
12349504,1234568809
12349983,1234571851
12348081,1234568234
12349029,1234567910
12347317,1234570594
12345994,1234569513
12346436,1234570700
12347060,1234571825
12345850,1234569675
12350148,1234568393
12350275,1234572595
12346830,1234571081
12349701,1234569463
12346982,1234572784
12348784,1234569550
12346345,1234568149
12346177,1234571329
12346057,1234570281
12348118,1234571628
12350096,1234570422
12347987,1234568515
12349846,1234567972
12347594,1234569647
12350233,1234571017
12347100,1234569799
12349256,1234572005
12348888,1234572518
12349643,1234572329
12349536,1234568544
12347011,1234570754
12349960,1234570938
12347709,1234569326
12346750,1234570210
12346355,1234568856
12347893,1234568502
12348846,1234572541
12346377,1234570835
12349699,1234569945
12347993,1234568460
12350363,1234569897
12347969,1234569332
12346742,1234570139
12346643,1234571166
12345994,1234570528
12347479,1234571166
12346256,1234569771
12349684,1234570918
12350378,1234571074
12348580,1234568975
12345959,1234572392
12348096,1234568463
12350097,1234571004
12347386,1234569930
12346943,1234570150
12347323,1234568265
12348134,1234569507
12346352,1234568248
12346598,1234572845
12349517,1234569053
12350095,1234572870
12346991,1234571213
12350648,1234569122
12348576,1234569783
12349199,1234572594
12348273,1234571362
12349605,1234570811
12350360,1234569384
12347043,1234568529
12349577,1234568677
12346247,1234570386
12346475,1234570539
12349795,1234570031
12348981,1234569881
12348119,1234568625
12348215,1234569245
12345746,1234570640
12347970,1234570963
12346584,1234571733
12350127,1234571905
12349879,1234571278
12348130,1234571260
12346479,1234570625
12349196,1234572662
12349803,1234570748
12345949,1234570842
12349085,1234571019
12345733,1234572118
12350498,1234571533
12345961,1234572192
12350617,1234569144
12348726,1234571213
12349854,1234568938
12348053,1234570120
12346231,1234570368
12348152,1234571626
12349512,1234572368
12349859,1234572328
12345742,1234568519
12348655,1234569142
12347751,1234571723
12347709,1234568563
12346268,1234572613
12348671,1234569122
12349682,1234570256
12345842,1234571319
12345678,1234571124
12346488,1234571969
12348244,1234568752
12347236,1234568869
12350628,1234572551
12348277,1234570062
12347245,1234571570
12350208,1234571073
12347395,1234571774
12348123,1234570387
12349552,1234572046
12346551,1234569622
12346773,1234572465
12350408,1234571750
12346608,1234572349
12350606,1234570928
12350061,1234572072
12350595,1234570577
12348520,1234570111
12347593,1234568216
12348501,1234568389
12346246,1234572785
12346806,1234572009
12350147,1234570362
12349492,1234569005
12348050,1234570312
12349002,1234570176
12350011,1234569438
12348837,1234570789
12350067,1234568535
12346083,1234571906
12348386,1234570234
12347617,1234572490
12347666,1234571715
12346503,1234569022
12346557,1234571314
12348638,1234570760
12348959,1234571857
12347019,1234570418
12349059,1234569390
12346145,1234572016
12349112,1234572216
12349828,1234572782
12349601,1234568358
12350509,1234570067
12349077,1234568287
12346283,1234571940
12350397,1234567911
12347060,1234570796
12348076,1234569931
12346369,1234571742
12349289,1234568741
12346170,1234570157
12350121,1234569077
12348950,1234568486
12350603,1234569752
12349484,1234569157
12350122,1234570367
12349665,1234570809
12346589,1234568212
12347366,1234571760
12349243,1234569554
12346731,1234572610
12347649,1234572772
12346385,1234570952
12349902,1234570002
12349935,1234569834
12348050,1234572890
12346199,1234568383
12346158,1234570494
12346853,1234568202
12346171,1234572486
12347956,1234569663
12349613,1234568941
12349922,1234569835
12347565,1234569416
12345874,1234569512
12346654,1234569625
12348393,1234571880
12349849,1234572611
12346918,1234571730
12346799,1234569338
12346203,1234567915
12346640,1234571230
12345754,1234571570
12348683,1234569949
12347741,1234572559
12346452,1234567954
12346077,1234569969
12348770,1234569153
12350548,1234570182
12348877,1234568051
12348428,1234567949
12348754,1234572195
12350588,1234569183
12349881,1234571054
12346062,1234569729
12349186,1234568481
12348039,1234568514
12346531,1234571686
12347505,1234569205
12345963,1234571867
12348936,1234571847
12350226,1234570911
12347589,1234571248
12346772,1234571691
12348773,1234568269
12348746,1234571767
12346853,1234569853
12350506,1234568973
12350031,1234570549
12349350,1234572429
12349007,1234571369
12346558,1234569012
12346194,1234571994
12347040,1234572640
12348104,1234572584
12347675,1234571767
12347541,1234570422
12346179,1234570546
12350504,1234570137
12345901,1234569765
12350369,1234568469
12348702,1234572410
12345878,1234569503
12347752,1234570787
12347133,1234571241
12349713,1234568871
12350159,1234568504
12348276,1234569135
12350446,1234571610
12349926,1234572173
12346141,1234568098
12345702,1234571153
12346030,1234571087
12349071,1234571411
12349607,1234569607
12348255,1234572468
12347703,1234569117
12346148,1234570747
12347996,1234570438
12349533,1234572137
12345759,1234572350
12347252,1234570489
12345962,1234570061
12349483,1234572702
12350584,1234572436
12347706,1234572419
12347254,1234571359
12347106,1234569907
12350114,1234570957
12347758,1234570584
12347977,1234571110
12346655,1234568820
12346797,1234570938
12348414,1234568186
12348470,1234571167
12350312,1234569587
12348102,1234571221
12350245,1234572561
12348056,1234569914
12349917,1234572410
12349447,1234572678
12346634,1234569220
12347194,1234568426
12349585,1234570973
12348449,1234570717
12350398,1234569561
12347003,1234568900
12348374,1234571317
12347425,1234572400
12349887,1234568909
12346570,1234571522
12346844,1234570946
12347831,1234570367
12350674,1234569252
12350215,1234572877
12349288,1234572441
12349230,1234568835
12347253,1234571220
12349885,1234568314
12350255,1234569552
12346114,1234568099
12349515,1234571494
12350141,1234571965
12347732,1234569964
12347082,1234572514
12349019,1234569300
12350396,1234567943
12348886,1234572236
12350405,1234572534
12346963,1234572458
12345732,1234570085
12350002,1234569641
12347639,1234569345
12346744,1234568668
12347817,1234570625
12346131,1234572887
12347498,1234570514
12347111,1234569018
12349407,1234567973
12347942,1234570052
12350246,1234572672
12346200,1234570513
12347076,1234569640
12349672,1234572734
12347897,1234571175
12350598,1234569909
12350195,1234571822
12348194,1234568208
12345895,1234571625
12350677,1234572655
12349483,1234572398
12350076,1234572151
12348639,1234567996
12347525,1234571704
12346675,1234569035
12349113,1234569261
12350215,1234571490
12347377,1234572544
12349476,1234572872
12350642,1234570809
12347348,1234570988
12350224,1234568656
12347012,1234568247
12347057,1234568748
12346467,1234570684
12348255,1234571270
12350597,1234571755
12346825,1234572215
12347385,1234568408
12350532,1234570406
12346677,1234571431
12349586,1234569713
12347265,1234568696
12347267,1234568597
12350312,1234568484
12350512,1234571477
12349834,1234570511
12350396,1234571160
12347019,1234571882
12348689,1234569697
12349430,1234571447
12345788,1234570728
12346559,1234568799
12346382,1234572485
12349138,1234571408
12346515,1234571642
12350501,1234569228
12349164,1234570207
12346719,1234571848
12346153,1234568838
12349789,1234568143
12350635,1234571827
12347064,1234570322
12348317,1234572242
12347725,1234570168
12347072,1234570766
12348434,1234569227
12346212,1234569866
12349030,1234570564
12349908,1234571647
12349626,1234569705
12346427,1234568105
12347449,1234572744
12349721,1234572786
12348043,1234570842
12347274,1234571711
12347502,1234568634
12347979,1234568622
12346954,1234568731
12346454,1234568324
12348583,1234571781
12349505,1234572370
12346842,1234568986
12346564,1234568557
12347709,1234569054
12345795,1234570077
12346950,1234568949
12345889,1234569139
12346959,1234570084
12350065,1234569009
12348220,1234569584
12346356,1234571616
12346768,1234568448
12350304,1234571276
12348553,1234568984
12348246,1234572212
12347784,1234572373
12346202,1234572343
12349819,1234567943
12349496,1234568804
12348652,1234570661
12345961,1234568086
12346250,1234568908
12348987,1234569385
12345706,1234571623
12347231,1234570535
12348064,1234572719
12350555,1234568782
12345695,1234572241
12348732,1234569566
12346718,1234568519
12346640,1234568332
12350160,1234571012
12350307,1234571058
12348227,1234571162
12349310,1234571377
12347619,1234571616
12346778,1234570372
12348343,1234571422
12348062,1234569711
12350577,1234570278
12349048,1234568387
12347235,1234567984
12346234,1234569503
12347583,1234569080
12350073,1234569252
12347818,1234571724
12346592,1234572137
12346865,1234568594
12345811,1234570617
12347222,1234569296
12345999,1234567965
12349951,1234570891
12349356,1234568530
12347236,1234569049
12345819,1234568662
12346680,1234569990
12347389,1234569518
12349636,1234567898
12348860,1234572803
12349317,1234570783
12346439,1234569608
12346573,1234570933
12347885,1234571160
12350646,1234571787
12346697,1234569802
12349422,1234567990
12347278,1234572787
12350623,1234569510
12345754,1234569311
12348400,1234570777
12348459,1234569604
12346191,1234568825
12348126,1234568558
12349709,1234571429
12348794,1234570707
12346373,1234568833
12349926,1234568033
12349783,1234568319
12349966,1234568524
12348547,1234569424
12349654,1234570994
12348555,1234570002
12346056,1234571971
12348289,1234568493
12348247,1234569834
12347230,1234570081
12347417,1234570731
12350635,1234568144
12347406,1234572267
12350425,1234569492
12349019,1234569947
12350520,1234569216
12349001,1234571644
12346409,1234571867
12346804,1234571466
12349073,1234570482
12349275,1234568185
12346328,1234568902
12347550,1234572262
12347095,1234568357
12348672,1234569899
12346047,1234569433
12345974,1234572138
12347803,1234572257
12350429,1234568634
12347381,1234572175
12346017,1234568005
12350354,1234569804
12347543,1234569311
12347791,1234570180
12345920,1234569394
12349800,1234569238
12349505,1234571682
12348066,1234571263
12347362,1234570863
12349613,1234568827
12350540,1234570339
12347251,1234570127
12346710,1234571626
12347864,1234569893
12349399,1234571996
12347584,1234571653
12348895,1234570946
12346848,1234569131
12347073,1234572157
12347951,1234571893
12347835,1234570768
12350121,1234571314
12349238,1234568429
12346537,1234568893
12348746,1234570268
12348369,1234568578
12345839,1234567934
12350286,1234569971
12347947,1234568811
12348615,1234570324
12347899,1234569629
12348086,1234572030
12345684,1234568495
12349266,1234572117
12347402,1234568361
12346726,1234571610
12347739,1234568689
12345983,1234571407
12350467,1234570154
12349840,1234569591
12346519,1234569348
12348601,1234569620
12348688,1234568522
12348761,1234568121
12350058,1234570476
12347547,1234570602
12348562,1234568495
12346894,1234568176
12348594,1234568996
12346942,1234569533
12349509,1234571847
12348169,1234568329
12346490,1234570714
12346397,1234569556
12346174,1234570593
12346369,1234568893
12348214,1234568808
12350109,1234569165
12347678,1234572725
12348892,1234570865
12349029,1234571495
12348540,1234572788
12347105,1234568544
12346822,1234569869
12346500,1234569020
12345690,1234568272
12348366,1234567896
12349560,1234571988
12349288,1234570423
12347028,1234570727
12345741,1234570936
12346503,1234569683
12349032,1234570456
12349469,1234568610
12345889,1234571590
12347246,1234569244
12349713,1234570672
12346304,1234570238
12347968,1234572207
12349421,1234568890
12350404,1234570372
12350670,1234568307
12347917,1234568096
12347564,1234568832
12350063,1234572342
12347087,1234568719
12349490,1234568489
12349573,1234571886
12347450,1234572447
12346616,1234567969
12349136,1234572809
12345903,1234568515
12347031,1234568928
12346864,1234569624
12346243,1234571166
12350322,1234571907
12350568,1234570197
12346300,1234568620
12349896,1234571497
12346017,1234569372
12345764,1234570702
12346721,1234568315
12349363,1234569974
12347238,1234569443
12347534,1234568577
12346213,1234571417
12350528,1234571131
12349043,1234572704
12350386,1234569265
12346658,1234570524
12347967,1234571283
12350215,1234569396
12350014,1234568900
12347209,1234569216
12348307,1234571101
12346952,1234572682
12349158,1234569080
12350345,1234568815
12346079,1234570794
12346571,1234572800
12349907,1234568003
12349263,1234570321
12347103,1234572888
12349462,1234572785
12349346,1234571642
12349769,1234572235
12348109,1234570784
12346606,1234569513
12345750,1234569214
12347522,1234572295
12349199,1234568221
12348865,1234568062
12347046,1234568648
12348711,1234571952
12348962,1234568058
12345757,1234571324
12349785,1234570066
12347584,1234568638
12349548,1234569792
12345812,1234571264
12347814,1234572335
12346421,1234572751
12346751,1234571887
12349923,1234568715
12346643,1234568149
12349412,1234568016
12347307,1234568572
12350249,1234571114
12348043,1234568080
12347195,1234572031
12345926,1234568672
12349536,1234568379
12349861,1234568000
12345737,1234572764
12350654,1234570270
12346475,1234568382
12347461,1234572410
12348278,1234570848
12348081,1234568095
12350447,1234571794
12347433,1234572179
12348078,1234569130
12346973,1234569528
12348578,1234571737
12350332,1234572747
12347254,1234570450
12348154,1234571512
12350274,1234571228
12347001,1234571206
12349737,1234572322
12347577,1234569643
12346786,1234569024
12348817,1234572817
12350632,1234568377
12348645,1234572336
12348594,1234569627
12349371,1234572501
12348817,1234571551
12347096,1234568951
12349297,1234568453
12350316,1234568882
12350523,1234570181
12349835,1234570353
12345934,1234569371
12348666,1234572806
12346132,1234569687
12348978,1234571535
12350196,1234567952
12348126,1234570075
12347293,1234569192
12346605,1234571343
12347969,1234570995
12346151,1234569506
12347358,1234569850
12347124,1234571944
12347480,1234570703
12345880,1234570420
12350088,1234570127
12347008,1234572364
12349731,1234571774
12346255,1234572245
12346407,1234570019
12348136,1234569853
12349055,1234572299
12345811,1234571764
12347900,1234571371
12348931,1234570294
12347973,1234571034
12350168,1234571258
12346927,1234569462
12348986,1234570963
12349858,1234569440
12347021,1234568520
12350231,1234568287
12347915,1234572217
12348121,1234572416
12348950,1234569195
12348823,1234568920
12349648,1234572767
12349563,1234568337
12346658,1234569252
12348463,1234570688
12348124,1234570326
12348518,1234571918
12348153,1234572741
12348385,1234571896
12350170,1234572524
12346448,1234572567
12348489,1234569691
12350001,1234569501
12347367,1234569549
12350206,1234568216
12349196,1234569413
12348021,1234568399
12348006,1234570109
12345765,1234570719
12347208,1234569915
12348813,1234570242
12350502,1234571458
12349975,1234568564
12345755,1234572290
12349577,1234569201
12349925,1234572599
12346426,1234572877
12348758,1234568539
12345988,1234572357
12346548,1234568409
12347606,1234572808
12348615,1234571299
12349597,1234568660
12350074,1234569150
12347926,1234569904
12347661,1234570427
12349217,1234568883
12346388,1234568384
12350060,1234569915
12346449,1234568895
12347101,1234569410
12349708,1234570670
12346670,1234568831
12345976,1234568786
12348593,1234570020
12346275,1234570376
12347957,1234570231
12348307,1234570162
12347517,1234570007
12350059,1234569949
12345753,1234570483
12347051,1234568126
12349766,1234570743
12349730,1234568966
12347018,1234568443
12349234,1234570629
12349935,1234570313
12345775,1234570112
12348419,1234572244
12346804,1234568078
12349757,1234571361
12350566,1234569809
12348822,1234568793
12350439,1234571929
12349944,1234571376
12345789,1234570160
12346686,1234569163
12350403,1234570991
12348804,1234569902
12347364,1234568500
12346720,1234570590
12350625,1234571610
12346457,1234571119
12347344,1234572526
12350401,1234570665
12348069,1234571032
12350057,1234569386
12347014,1234571868
12346034,1234569282
12349529,1234569852
12345884,1234568351
12350550,1234570421
12349859,1234569854
12348160,1234571393
12347163,1234570408
12346444,1234572819
12349129,1234572374
12346817,1234568290
12349557,1234570127
12347265,1234570873
12347825,1234567897
12348191,1234568958
12346007,1234569526
12346183,1234568349
12348268,1234572060
12349916,1234569979
12350111,1234570659
12346477,1234572769
12347393,1234569613
12346795,1234570175
12346541,1234570196
12345967,1234569966
12346285,1234568344
12349904,1234571184
12346126,1234570734
12348274,1234569221
12347048,1234570160
12347021,1234568929
12348902,1234572281
12348808,1234568662
12348874,1234569288
12346101,1234570761
12350394,1234568455
12346476,1234571226
12346223,1234570013
12348504,1234570701
12348302,1234568932
12348384,1234569526
12347533,1234568485
12346752,1234568186
12350049,1234569647
12347739,1234571402
12350300,1234569106
12346767,1234568800
12346238,1234569374
12346801,1234570931
12346167,1234568997
12345884,1234572178
12346596,1234569402
12347488,1234571469
12347627,1234569606
12349868,1234572720
12346446,1234570812
12346096,1234572174
12347370,1234571897
12348434,1234569380
12346990,1234570282
12346436,1234568041
12348819,1234571314
12347126,1234569112
12349200,1234569487
12349548,1234571209
12346255,1234572787
12345713,1234571102
12349203,1234571845
12350122,1234568118
12350382,1234570950
12347258,1234572865
12350405,1234568444
12346335,1234568891
12346451,1234571848
12348324,1234568435
12349250,1234572143
12346028,1234571359
12348395,1234572129
12346000,1234572677
12349012,1234569111
12349853,1234568649
12347195,1234572149
12350502,1234569750
12349470,1234572483
12345973,1234572276
12348175,1234569140
12346177,1234569180
12345863,1234572445
12348290,1234569373
12347843,1234570712
12347713,1234568880
12349838,1234570630
12346921,1234571684
12346258,1234569298
12349602,1234572659
12346115,1234571588
12348119,1234569254
12347077,1234572549
12348487,1234569293
12349697,1234570936
12346256,1234570433
12346699,1234569939
12345799,1234569528
12348587,1234571949
12348938,1234569308
12347311,1234568640
12350669,1234568309
12347971,1234571584
12349452,1234568975
12350330,1234568815
12349780,1234569980
12348215,1234571936
12348143,1234569553
12350471,1234570208
12349876,1234570013
12350178,1234572748
12345934,1234569550
12347591,1234568030
12350473,1234569348
12348093,1234568166
12346803,1234570204
12348350,1234568776
12349128,1234570724
12348554,1234570802
12350555,1234571137
12349397,1234571850
12349263,1234567996
12347922,1234571882
12346589,1234569247
12346392,1234572524
12349026,1234569798
12346833,1234571663
12346094,1234572566
12348802,1234569363
12350008,1234570894
12347669,1234569624
12349785,1234570224
12348741,1234569303
12349408,1234568737
12349526,1234572344
12349908,1234572645
12347195,1234569135
12347203,1234569212
12349217,1234568173
12346464,1234571688
12349129,1234571016
12350322,1234572742
12347934,1234568897
12349806,1234570033
12350474,1234568240
12347863,1234572422
12347455,1234568813
12346445,1234572837
12349910,1234571857
12349463,1234570047
12349645,1234572858
12347266,1234569964
12348227,1234570279
12347120,1234569018
12346372,1234572849
12348733,1234567900
12346120,1234570218
12349985,1234572824
12349497,1234569749
12349197,1234571017
12347010,1234568055
12349051,1234569030
12348662,1234568950
12348151,1234570549
12348965,1234568577
12346624,1234567928
12349329,1234568123
12346399,1234568779
12346466,1234568648
12350045,1234568792
12348372,1234568553
12349929,1234570701
12345903,1234569378
12347627,1234570785
12349918,1234571015
12347730,1234569013
12349059,1234568743
12347539,1234568620
12346595,1234571429
12346964,1234572612
12347756,1234572757
12346739,1234570495
12347188,1234569339
12347559,1234569162
12348973,1234572526
12347920,1234571155
12347194,1234570494
12348843,1234572360
12349339,1234571644
12349245,1234567916
12350127,1234572303
12346383,1234571044
12347203,1234570275
12349018,1234572801
12345824,1234568550
12350504,1234570565
12350564,1234570601
12349568,1234569009
12349336,1234571597
12346689,1234568825
12347080,1234568128
12349177,1234568919
12349649,1234568597
12348487,1234571021
12346093,1234568624
12346149,1234572610
12348872,1234572548
12349037,1234571968
12350570,1234570529
12350615,1234572511
12347259,1234569684
12348473,1234569509
12349929,1234570715
12348942,1234568681
12348490,1234569638
12345774,1234572181
12346776,1234571999
12347923,1234569615
12349173,1234571204
12346875,1234568682
12349469,1234572711
12350017,1234568230
12346906,1234572125
12348263,1234571240
12347955,1234570720
12348226,1234571935
12350318,1234571672
12350506,1234570655
12346273,1234569366
12348528,1234568260
12350578,1234571621
12345858,1234568611
12347327,1234569206
12349743,1234568606
12347356,1234572835
12347043,1234570707
12348486,1234568370
12346810,1234572150
12348081,1234570735
12349577,1234569140
12347583,1234568761
12347532,1234571391
12350600,1234570574
12347070,1234570853
12346682,1234570335
12349737,1234571284
12347005,1234568824
12348430,1234568734
12349771,1234572180
12348276,1234571855
12345948,1234569972
12348871,1234571935
12348532,1234572765
12346584,1234570081
12346134,1234570747
12348732,1234571913
12347073,1234571997
12345884,1234570450
12348179,1234571529
12348944,1234569283
12349809,1234570260
12350185,1234569764
12347813,1234572090
12350458,1234569593
12346507,1234570541
12348652,1234569640
12346533,1234569006
12349436,1234570967
12345947,1234572418
12345729,1234570580
12348190,1234569580
12346342,1234570854
12347397,1234570104
12347892,1234570862
12350604,1234568927
12349272,1234571244
12347889,1234571126
12347986,1234569886
12346849,1234570231
12350673,1234568212
12347347,1234572729
12349772,1234567968
12350056,1234571317
12347949,1234571270
12346541,1234568758
12346830,1234572721
12350552,1234568495
12348284,1234570429
12346112,1234571677
12345740,1234572815
12346733,1234571665
12349729,1234568452
12349683,1234569269
12347927,1234569245
12345744,1234568863
12350660,1234571793
12348484,1234569113
12347693,1234568191
12350018,1234569639
12346714,1234571535
12347176,1234572624
12347029,1234570721
12349943,1234568503
12348606,1234572751
12346298,1234570202
12345900,1234568231
12348534,1234568978
12349750,1234572849
12347284,1234570183
12346625,1234571776
12347659,1234570388
12348062,1234568957
12348904,1234569642
12350408,1234569798
12347691,1234571998
12347959,1234570597
12349098,1234572550
12349015,1234571523
12347770,1234570423
12348492,1234568993
12349572,1234569426
12349129,1234572477
12349748,1234569947
12350672,1234571707
12346430,1234570013
12347457,1234570782
12346580,1234572298
12350529,1234570057
12347133,1234571308
12348926,1234570443
12348358,1234569714
12350130,1234570128
12346403,1234571223
12350047,1234570106
12349052,1234571535
12347850,1234571247
12345727,1234567979
12347352,1234571671
12347282,1234572406
12347616,1234572029
12347265,1234568483
12347156,1234571771
12348354,1234570940
12345778,1234569574
12350394,1234568700
12350613,1234572826
12348795,1234572831
12345778,1234571619
12348877,1234569404
12349750,1234568313
12350050,1234569206
12349028,1234571311
12347051,1234571105
12346605,1234572855
12348849,1234572000
12346555,1234568934
12349266,1234568262
12349050,1234569311
12349139,1234571174
12347178,1234570455
12349348,1234569733
12350417,1234570642
12346523,1234569912
12348892,1234571484
12347864,1234572029
12349851,1234570651
12350661,1234572474
12346924,1234570586
12346353,1234568559
12347462,1234571873
12348872,1234570591
12349507,1234568168
12348486,1234570871
12348836,1234569968
12347021,1234571559
12348449,1234571642
12349273,1234569084
12350541,1234570265
12346545,1234568169
12348382,1234570765
12349658,1234569999
12345730,1234569225
12347750,1234570885
12346928,1234568159
12347326,1234570304
12348139,1234570877
12347965,1234569990
12347127,1234569910
12346595,1234571505
12350342,1234570045
12346631,1234569767
12347857,1234570909
12350646,1234568370
12348125,1234572048
12349074,1234571816
12349007,1234569304
12347285,1234571685
12346322,1234570947
12347847,1234571892
12347150,1234569423
12349378,1234570770
12348790,1234569838
12346914,1234571763
12346624,1234568758
12346552,1234572874
12349600,1234568097
12347970,1234572579
12346944,1234571688
12346198,1234570760
12350260,1234572206
12347209,1234572066
12345857,1234568569
12350368,1234572385
12350242,1234572776
12346343,1234570793
12345882,1234571124
12347945,1234572431
12350125,1234570556
12349281,1234571388
12346855,1234569401
12350586,1234568513
12347423,1234568364
12348298,1234569760
12350626,1234570297
12346748,1234572095
12350652,1234568280
12349825,1234567898
12345964,1234568364
12345891,1234570990
12345801,1234568391
12348273,1234568845
12346987,1234572542
12349498,1234569137
12349358,1234569635
12346016,1234572790
12347748,1234571241
12347019,1234568380
12350114,1234572451
12350376,1234568634
12348666,1234570054
12349521,1234567917
12347939,1234570111
12349541,1234572236
12349006,1234572349
12349281,1234568826
12349556,1234572150
12347644,1234570043
12345715,1234568771
12348954,1234570857
12347563,1234572814
12345706,1234570656
12349959,1234570916
12348094,1234571402
12345791,1234571214
12349511,1234570673
12347066,1234570682
12346282,1234567964
12346075,1234571962
12347045,1234569232
12350073,1234571285
12347035,1234570127
12350114,1234567977
12347190,1234569306
12346857,1234569158
12349839,1234572849
12346980,1234571153
12347772,1234570572
12349004,1234569279
12346238,1234572585
12346090,1234572346
12348751,1234570831
12347092,1234568616
12348180,1234568883
12349387,1234572415
12348954,1234571480
12350614,1234570702
12348475,1234568736
12350011,1234569584
12348214,1234571793
12350361,1234568846
12347039,1234567971
12350248,1234572227
12349239,1234569271
12346322,1234569963
12347656,1234570950
12349985,1234568299
12348569,1234568061
12346695,1234569203
12350590,1234571478
12348645,1234570768
12346891,1234568082
12348587,1234570015
12350678,1234568547
12346436,1234568965
12348503,1234570002
12348713,1234571733
12345936,1234571351
12346761,1234572275
12350284,1234568315
12350118,1234568853
12346116,1234572192
12347906,1234571160
12349644,1234569772
12349204,1234571392
12347318,1234571115
12348003,1234572749
12349367,1234569558
12347859,1234568206
12346380,1234571078
12348218,1234571619
12345980,1234568129
12347770,1234568071
12347329,1234568330
12347888,1234572796
12350133,1234572191
12347321,1234570501
12347341,1234572814
12348646,1234572682
12346969,1234569758
12349742,1234570001
12350444,1234569370
12350594,1234572698
12346308,1234568288
12347124,1234568899
12347255,1234569506
12349381,1234571534
12346188,1234570790
12349404,1234572820
12349463,1234571719
12349052,1234570593
12348182,1234571500
12345914,1234572822
12349031,1234568827
12346726,1234568830
12350458,1234572876
12347896,1234568371
12347823,1234568651
12348248,1234572524
12350350,1234569850
12350569,1234569026
12347093,1234572825
12349700,1234572534
12348621,1234570178
12349581,1234569431
12350652,1234568653
12346509,1234570854
12349779,1234568072
12349871,1234570506
12349515,1234572738
12345836,1234570059
12349535,1234569174
12348293,1234570067
12346804,1234568917
12350036,1234570343
12350127,1234570338
12348546,1234570370
12346021,1234571694
12349655,1234568734
12347687,1234571672
12348442,1234571925
12349006,1234570929
12350596,1234572706
12349195,1234572596
12349053,1234568124
12350431,1234568369
12348771,1234570985
12349251,1234570566
12346407,1234572052
12350402,1234568713
12350480,1234570181
12350035,1234570232
12346216,1234572461
12348194,1234569062
12346138,1234572882
12350389,1234572115
12349705,1234570086
12350452,1234569201
12349813,1234569396
12350544,1234572463
12346409,1234570305
12347360,1234572784
12347388,1234570186
12350002,1234567912
12349792,1234569337
12348451,1234571671
12349377,1234571189
12349818,1234569125
12346868,1234569255
12347778,1234569275
12347949,1234568242
12345776,1234570763
12349819,1234568024
12350268,1234571854
12349751,1234572216
12346233,1234570881
12349299,1234570858
12348123,1234570186
12348184,1234571833
12349506,1234569649
12347433,1234567961
12348131,1234569443
12348391,1234572198
12349385,1234568906
12345871,1234567919
12349690,1234568389
12349494,1234570896
12347503,1234572817
12349934,1234571503
12346808,1234569268
12348838,1234572302
12348086,1234572226
12350490,1234572097
12348205,1234571979
12349193,1234572757
12347154,1234568964
12347932,1234568769
12350160,1234568846
12348458,1234568466
12348172,1234570627
12347897,1234572534
12347886,1234572055
12348966,1234568053
12346163,1234569330
12348925,1234571900
12349921,1234570830
12349343,1234572626
12349961,1234568146
12345723,1234570528
12350227,1234570366
12349438,1234568334
12349780,1234571788
12348692,1234572429
12348575,1234571009
12349914,1234571957
12350266,1234572358
12345982,1234572248
12346607,1234570631
12348004,1234572726
12350251,1234570922
12349097,1234570952
12347571,1234570265
12348832,1234572320
12348370,1234570793
12349012,1234570708
12350063,1234568407
12350470,1234571343
12349329,1234569334
12345927,1234571327
12350498,1234572142
12345876,1234572319
12346094,1234572099
12347115,1234570345
12349480,1234571698
12350513,1234569130
12346824,1234570124
12349569,1234571435
12347586,1234570744
12346367,1234570045
12350501,1234572805
12347778,1234571998
12345765,1234570944
12350625,1234569671
12349992,1234571131
12346565,1234572682
12349853,1234572618
12348932,1234568724
12347652,1234568746
12346303,1234571351
12348093,1234572124
12346150,1234570489
12346532,1234569924
12346465,1234568662
12349315,1234570876
12345916,1234568840
12347822,1234568898
12350630,1234571577
12349206,1234569902
12350587,1234567909
12348942,1234572821
12347291,1234568194
12348885,1234572398
12346759,1234569540
12346820,1234570076
12345884,1234568073
12345995,1234568165
12348998,1234570284
12349107,1234568549
12349346,1234571279
12347032,1234568679
12348056,1234567940
12348565,1234572650
12349850,1234572230
12348882,1234571483
12349192,1234571278
12349569,1234568935
12347896,1234571444
12348864,1234570052
12350432,1234570857
12346362,1234568899
12346750,1234569049
12347345,1234569921
12349352,1234570689
12350627,1234568386
12347162,1234570097
12349898,1234570599
12349498,1234568745
12349285,1234570245
12349086,1234572209
12346178,1234568949
12347589,1234570626
12346279,1234569864
12350069,1234568802
12346553,1234571441
12346765,1234572862
12347291,1234568057
12347408,1234570063
12349858,1234572732
12348661,1234570303
12350576,1234571746
12348837,1234568948
12349968,1234571062
12347841,1234569655
12347703,1234571599
12350099,1234570975
12350134,1234571323
12346458,1234569372
12350340,1234567956
12349031,1234569959
12348945,1234569805
12350439,1234572442
12347677,1234568447
12349242,1234569396
12347806,1234569659
12348945,1234572529
12347390,1234568298
12347023,1234571278
12350522,1234571623
12348849,1234569841
12345774,1234570778
12347558,1234569351
12346181,1234570005
12348401,1234569525
12350206,1234570980
12347756,1234571820
12346376,1234568130
12350249,1234569980
12350517,1234572567
12350255,1234571722
12350612,1234568723
12345974,1234569455
12345791,1234569916
12346892,1234570574
12350213,1234571710
12347947,1234569350
12346956,1234572374
12348766,1234569115
12346134,1234571027
12346832,1234570935
12348588,1234569431
12347305,1234572049
12346059,1234571860
12350520,1234571811
12349112,1234568391
12348905,1234568858
12349825,1234569186
12347447,1234572267
12347154,1234570808
12346830,1234568890
12348060,1234572423
12348292,1234570862
12347508,1234570915
12350521,1234569065
12346384,1234571752
12350241,1234570016
12347762,1234571294
12346345,1234571093
12348242,1234571546
12346689,1234570175
12350036,1234572767
12346513,1234568579
12349085,1234571838
12346966,1234571540
12347364,1234571216
12350324,1234570940
12348300,1234570124
12347262,1234569275
12349276,1234568345
12345912,1234568644
12349049,1234570426
12348136,1234568220
12346837,1234568068
12347084,1234571518
12347381,1234568705
12346660,1234568878
12346671,1234569173
12347933,1234569699
12349455,1234571579
12348778,1234568163
12349624,1234572232
12349148,1234570835
12346854,1234570160
12346498,1234570508
12348219,1234570182
12349890,1234571559
12348912,1234571241
12347190,1234569270
12348857,1234571836
12345752,1234567997
12349252,1234571973
12347488,1234572340
12347900,1234571840
12348776,1234568275
12348719,1234569750
12348422,1234568315
12347870,1234571844
12348550,1234572225
12346464,1234572051
12350203,1234570988
12346997,1234569680
12349467,1234569254
12347132,1234570686
12346777,1234571653
12349782,1234568919
12348447,1234570126
12347285,1234570470
12349596,1234568392
12348441,1234569279
12346118,1234572684
12347206,1234569321
12347364,1234572615
12349502,1234571164
12348832,1234569379
12346778,1234569646
12346697,1234571755
12350349,1234568819
12349734,1234569558
12346092,1234570668
12349235,1234568217
12347556,1234571683
12346307,1234571102
12348153,1234569499
12347686,1234571251
12350627,1234569498
12348573,1234569986
12346204,1234568289
12345758,1234569662
12346225,1234569152
12349181,1234569206
12349535,1234572634
12346351,1234571505
12347534,1234569202
12345821,1234568389
12348089,1234571483
12346780,1234567933
12345771,1234572416
12348198,1234572692
12349768,1234572530
12349013,1234571867
12349315,1234569833
12346289,1234572482
12346458,1234571631
12347423,1234572458
12349725,1234572728
12347235,1234572093
12350636,1234572009
12346546,1234572768
12348712,1234568191
12350141,1234570476
12346942,1234572226
12346014,1234572852
12349801,1234571637
12349153,1234571323
12349314,1234571140
12346961,1234568697
12347017,1234571976
12345935,1234572143
12347237,1234571307
12349681,1234572216
12349205,1234572189
12349498,1234569927
12346623,1234569324
12345796,1234569893
12348592,1234570037
12349289,1234570878
12350361,1234571398
12349355,1234569318
12350051,1234569075
12346149,1234569761
12346601,1234569182
12348482,1234570470
12346637,1234571662
12348649,1234568278
12345679,1234572721
12348243,1234569689
12348886,1234569629
12349020,1234568646
12348627,1234572324
12349876,1234570830
12350637,1234569201
12347168,1234568004
12349271,1234572169
12348788,1234568487
12348526,1234571159
12347332,1234568760
12349532,1234572496
12346777,1234572844
12346740,1234568088
12347987,1234571562
12349568,1234571982
12345695,1234568667
12350194,1234568379
12345860,1234568927
12346213,1234570523
12348355,1234568857
12348064,1234568867
12348785,1234571041
12346367,1234568774
12349393,1234568704
12345750,1234569383
12349603,1234571952
12347429,1234571342
12349212,1234569654
12350142,1234568354
12348671,1234570695
12350263,1234569072
12347764,1234568116
12350676,1234572529
12350000,1234570246
12347241,1234571474
12347993,1234572861
12347063,1234569414
12348592,1234568603
12348954,1234568029
12346116,1234569373
12349194,1234570762
12350264,1234567926
12350283,1234568256
12346305,1234572199
12347858,1234568318
12349917,1234570840
12349948,1234571600
12349813,1234572138
12348849,1234572212
12346386,1234572467
12347387,1234572875
12349883,1234571974
12350065,1234571086
12347303,1234568700
12350468,1234567978
12348113,1234569561
12345685,1234570827
12347789,1234569376
12348877,1234571828
12346674,1234571528
12348945,1234572028
12347122,1234568744
12350155,1234571513
12347945,1234568183
12350554,1234572733
12350066,1234569780
12350178,1234569690
12350157,1234571513
12347948,1234568993
12348236,1234570594
12346978,1234569683
12346462,1234572796
12346834,1234569090
12346904,1234569480
12346933,1234568176
12349915,1234570548
12346337,1234570692
12347178,1234568909
12347394,1234568161
12347894,1234568721
12349060,1234571444
12347657,1234569435
12347254,1234570230
12347990,1234569264
12349123,1234569680
12349987,1234569554
12345993,1234571320
12348195,1234571561
12350305,1234569847
12347460,1234569393
12347780,1234570842
12350323,1234568137
12348003,1234572232
12349730,1234571372
12350174,1234571987
12346609,1234572630
12348651,1234571249
12346139,1234572822
12347219,1234572483
12348281,1234569686
12350597,1234571371
12345961,1234568894
12345678,1234571436
12349052,1234572220
12347166,1234569099
12348347,1234569840
12347372,1234569740
12346383,1234568507
12348883,1234571561
12348337,1234570400
12347371,1234571166
12349521,1234571601
12345708,1234571829
12345998,1234568780
12347494,1234572850
12349413,1234569842
12346638,1234567952
12348727,1234571089
12349344,1234571961
12347038,1234569207
12347281,1234569663
12346344,1234571162
12347914,1234568205
12348616,1234570245
12349796,1234572099
12348906,1234571926
12347710,1234570443
12346459,1234570072
12350141,1234568900
12349399,1234571260
12350315,1234569999
12349834,1234571449
12345840,1234569546
12349329,1234572276
12349621,1234568644
12346014,1234569774
12347063,1234571340
12349321,1234568904
12348179,1234569872
12347271,1234572020
12350114,1234572687
12346887,1234572818
12349994,1234570477
12348777,1234569085
12348860,1234570519
12349523,1234572780
12347642,1234571027
12346092,1234570522
12348665,1234568053
12348737,1234570439
12347689,1234572307
12348512,1234570927
12349345,1234572147
12349199,1234572496
12346859,1234569985
12350200,1234571964
12349650,1234570534
12349534,1234572716
12348064,1234569989
12348698,1234568495
12346487,1234572245
12348922,1234568463
12347185,1234571151
12348892,1234570325
12348507,1234572076
12349148,1234570526
12346136,1234571051
12347412,1234572400
12349025,1234568711
12345696,1234569049
12345834,1234570673
12350219,1234569147
12348679,1234570165
12350015,1234571684
12348285,1234569712
12346004,1234572563
12348446,1234570517
12350635,1234569392
12348381,1234570789
12348319,1234570635
12349762,1234572570
12350636,1234572389
12346112,1234571279
12349458,1234572581
12348450,1234569331
12350522,1234569909
12348298,1234567996
12349036,1234568235
12348129,1234572883
12350570,1234567950
12347076,1234570158
12347199,1234572817
12350021,1234569587
12347106,1234568960
12348679,1234572654
12349750,1234571382
12349994,1234568606
12349933,1234571385
12350245,1234569709
12347256,1234571447
12346954,1234572671
12350001,1234568862
12346103,1234569722
12345796,1234569231
12350307,1234570163
12347400,1234572007
12349143,1234572847
12347782,1234571306
12346515,1234568565
12347912,1234572601
12349111,1234569942
12349322,1234568075
12349272,1234571511
12348032,1234572796
12347427,1234570176
12350614,1234568604
12347971,1234570485
12347419,1234569914
12350046,1234568127
12347177,1234569153
12347902,1234572539
12349754,1234568836
12348044,1234571924
12349932,1234571268
12348989,1234569038
12347664,1234567915
12349569,1234571856
12349167,1234568171
12346015,1234571266
12347700,1234571962
12350049,1234572285
12350232,1234571464
12349845,1234570700
12347665,1234569610
12347144,1234570492
12347536,1234572725
12348673,1234569502
12349591,1234571130
12347281,1234569827
12348288,1234569540
12348715,1234569708
12348157,1234571501
12348556,1234568647
12347418,1234568788
12346705,1234571202
12347458,1234569267
12350166,1234572695
12346788,1234572165
12347223,1234570110
12347912,1234571704
12348267,1234571542
12348075,1234570786
12350000,1234569129
12346934,1234569021
12349213,1234570402
12348665,1234568247
12349277,1234572107
12347171,1234568099
12346648,1234571466
12346246,1234569680
12347520,1234568904
12347465,1234569809
12350340,1234569757
12347053,1234569495
12346801,1234572415
12348338,1234572216
12347665,1234569205
12349362,1234568268
12350215,1234572433
12347493,1234570566
12350198,1234570743
12349201,1234569660
12349666,1234570219
12345798,1234570510
12348211,1234572016
12350099,1234569576
12348015,1234568994
12349841,1234572287
12347343,1234569784
12348457,1234568735
12345865,1234570756
12345773,1234570708
12346653,1234571767
12346040,1234569700
12347955,1234568852
12348123,1234569537
12350235,1234569703
12349235,1234568345
12348540,1234570377
12349353,1234568254
12346314,1234571622
12348272,1234570201
12346946,1234569250
12347481,1234568092
12346211,1234572114
12346022,1234572115
12349810,1234572113
12350352,1234570406
12347319,1234568026
12346485,1234568696
12349585,1234572616
12350392,1234568523
12349717,1234570549
12347367,1234571283
12346007,1234572273
12347189,1234572617
12349301,1234572336
12346386,1234571297
12347237,1234571038
12347760,1234569413
12346815,1234568872
12347794,1234569443
12346312,1234569077
12347121,1234568298
12348117,1234571229
12345946,1234571140
12347017,1234568649
12347733,1234572440
12348425,1234570037
12350555,1234572288
12348647,1234570913
12350115,1234572245
12349262,1234568342
12350336,1234571808
12346864,1234568422
12350067,1234570858
12349885,1234569803
12349087,1234570888
12347024,1234568942
12345976,1234571554
12347356,1234570605
12349584,1234569835
12349791,1234570614
12347220,1234571546
12347382,1234571589
12347187,1234568808
12348742,1234570775
12349806,1234572215
12348395,1234568408
12347115,1234570712
12350568,1234568850
12345809,1234567962
12346198,1234568555
12346439,1234568464
12348363,1234570012
12349950,1234572308
12350411,1234569250
12350369,1234570679
12348583,1234568448
12350559,1234570268
12347954,1234569687
12350638,1234568284
12348895,1234569796
12349158,1234572523
12345828,1234571137
12345739,1234571406
12346906,1234572552
12347760,1234568760
12346200,1234571460
12347582,1234572405
12346406,1234567940
12347415,1234571517
12349617,1234569037
12346673,1234568224
12349578,1234570892
12348392,1234569141
12345965,1234570190
12349958,1234571194
12348757,1234569906
12349537,1234571233
12349146,1234568935
12346934,1234567956
12349926,1234570408
12349610,1234570862
12346340,1234572847
12348168,1234571137
12348340,1234569995
12346064,1234572120
12348127,1234571021
12348829,1234571925
12349692,1234569175
12350210,1234568925
12346760,1234572624
12348085,1234569725
12347131,1234567916
12346662,1234570133
12348437,1234569318
12347509,1234570222
12350465,1234568766
12348937,1234571013
12349153,1234568802
12346829,1234571401
12349799,1234569412
12348051,1234568718
12347599,1234568928
12348828,1234570352
12346992,1234572379
12346109,1234571318
12348922,1234571808
12348263,1234572634
12349593,1234569109
12346789,1234572757
12346734,1234569570
12350668,1234571857
12348355,1234572551
12349611,1234572061
12346684,1234570428
12349085,1234570538
12349402,1234571882
12350112,1234569539
12349011,1234568123
12348208,1234568075
12346961,1234570056
12346239,1234568002
12349525,1234568006
12348309,1234570813
12346333,1234568935
12347396,1234570643
12348918,1234571908
12349321,1234571999
12350349,1234571676
12348502,1234569922
12347238,1234570098
12346157,1234570868
12349671,1234572103
12347026,1234571849
12349539,1234572145
12346364,1234571062
12346836,1234571831
12347390,1234571520
12346977,1234568954
12346643,1234568082
12348167,1234569770
12347665,1234570356
12346030,1234569396
12346508,1234569855
12347251,1234569880
12347769,1234572842
12346938,1234567944
12350285,1234572373
12348475,1234569661
12349181,1234568547
12349870,1234571465
12348132,1234569026
12349186,1234572823
12349131,1234570391
12350045,1234569875
12349951,1234568510
12350603,1234571628
12348634,1234569366
12349600,1234568944
12347147,1234572811
12346678,1234571455
12349727,1234571971
12345931,1234572748
12349121,1234569604
12346933,1234571831
12346977,1234572716
12349801,1234569107
12345738,1234572861
12349734,1234568450
12350538,1234570556
12348294,1234572197
12348662,1234567949
12346532,1234569754
12346725,1234571549
12349751,1234568137
12348156,1234571369
12347253,1234571610
12348242,1234569782
12349555,1234571827
12346548,1234572832
12349455,1234571644
12349038,1234569476
12349311,1234570205
12347595,1234572434
12348134,1234568468
12347568,1234572381
12348632,1234568970
12348855,1234569094
12347752,1234567955
12347816,1234570660
12350010,1234570058
12346057,1234568016
12349588,1234568633
12348132,1234569872
12349979,1234568128
12345727,1234570450
12349253,1234571504
12349795,1234571060
12350273,1234571264
12346079,1234568689
12345803,1234571251
12350364,1234568684
12345873,1234569687
12346785,1234572339
12350176,1234570777
12350217,1234570114
12347146,1234569940
12349805,1234569079
12346705,1234571420
12347895,1234572075
12346228,1234569690
12350665,1234572564
12349840,1234569001
12349045,1234570824
12348983,1234572352
12348771,1234570833
12348734,1234568993
12348103,1234570113
12347611,1234572265
12349385,1234570530
12346546,1234571712
12349436,1234571124
12348161,1234572437
12347463,1234571232
12346236,1234570606
12346929,1234571678
12349895,1234572850
12349177,1234572834
12350594,1234572000
12347919,1234569621
12349863,1234568698
12347346,1234571776
12349553,1234570697
12346282,1234568422
12348311,1234569628
12348010,1234570376
12349263,1234570247
12348751,1234568920
12346402,1234568802
12348923,1234568160
12350302,1234568197
12346081,1234571893
12349647,1234570903
12349730,1234569743
12349196,1234572767
12347291,1234570901
12345827,1234567938
12349799,1234568297
12347749,1234569988
12345853,1234569726
12350457,1234571939
12349029,1234568357
12345956,1234569527
12347525,1234570234
12347310,1234569188
12350049,1234569062
12346575,1234571163
12349952,1234571231
12346508,1234568081
12348776,1234571571
12347603,1234569424
12350005,1234570976
12345767,1234569566
12348297,1234568380
12348987,1234570307
12349110,1234572845
12346592,1234568006
12350647,1234570635
12349446,1234568310
12345836,1234572178
12347905,1234568231
12347736,1234572084
12347236,1234572517
12348913,1234569201
12348523,1234569393
12349987,1234569321
12349901,1234571111
12349966,1234570974
12345809,1234568395
12345916,1234569581
12346457,1234568892
12350650,1234572184
12347428,1234568492
12347835,1234571111
12349644,1234569292
12349257,1234569716
12348191,1234571955
12350543,1234570986
12345869,1234570405
12349152,1234570239
12348658,1234567928
12350067,1234570571
12349198,1234569538
12349867,1234568402
12349576,1234570214
12348497,1234572227
12348513,1234569778
12345920,1234569904
12346149,1234570344
12346146,1234572846
12346838,1234569745
12345944,1234568445
12348623,1234568324
12346651,1234570632
12349652,1234568429
12349035,1234568266
12347210,1234568088
12349289,1234572187
12347116,1234569709
12349031,1234572615
12348750,1234572886
12349651,1234569328
12349025,1234568642
12348441,1234571108
12349795,1234571670
12348601,1234572779
12349149,1234571659
12347872,1234569146
12349275,1234568675
12346002,1234570845
12349762,1234570828
12347615,1234568306
12348860,1234572397
12350154,1234572473
12350071,1234572089
12349734,1234572018
12347018,1234572120
12347422,1234568656
12348495,1234572453
12350207,1234568065
12348735,1234571991
12346341,1234572766
12347488,1234568839
12347000,1234571017
12349327,1234571444
12347610,1234571748
12346474,1234569992
12349886,1234569117
12349627,1234570532
12348805,1234572683
12346246,1234570159
12345971,1234570550
12350182,1234570452
12347989,1234570674
12348938,1234568933
12350112,1234569847
12345681,1234569822
12347645,1234572228
12349647,1234568009
12348758,1234570148
12347658,1234568138
12349313,1234568532
12346448,1234568899
12346565,1234567929
12348975,1234570289
12348424,1234568529
12348347,1234569999
12347945,1234570507
12346113,1234570434
12348258,1234572138
12346074,1234571460
12348353,1234567914
12349554,1234568563
12346633,1234572347
12345833,1234570360
12350143,1234571909
12346934,1234568554
12348618,1234572669
12349856,1234571843
12346508,1234570108
12349130,1234570226
12346900,1234571460
12350348,1234572139
12347678,1234571442
12350577,1234570071
12348926,1234571807
12348581,1234569952
12347324,1234569398
12348694,1234569488
12348555,1234572536
12346916,1234568199
12349168,1234569837
12345754,1234568343
12348677,1234567967
12346185,1234572553
12346478,1234572211
12349919,1234570423
12349558,1234568272
12348985,1234571103
12348777,1234572578
12346590,1234568851
12350394,1234572042
12349484,1234570337
12346904,1234572532
12350389,1234570922
12346412,1234568497
12347124,1234571707
12345681,1234568623
12347130,1234571960
12350488,1234568300
12345724,1234572733
12346447,1234570274
12347790,1234572877
12348081,1234569786
12349031,1234570725
12349314,1234571124
12347100,1234570101
12347738,1234571518
12348930,1234568117
12349132,1234570301
12345991,1234571265
12346575,1234571718
12347269,1234568965
12348275,1234572673
12346457,1234571967
12349003,1234572168
12348404,1234569193
12350332,1234568609
12348061,1234571115
12346005,1234571336
12349823,1234570805
12348341,1234568722
12349775,1234572189
12350297,1234569184
12346606,1234568919
12347620,1234569697
12348794,1234570674
12348749,1234568526
12345964,1234569349
12346469,1234568922
12350037,1234572344
12346303,1234571751
12349142,1234572142
12348138,1234571422
12350170,1234572539
12347909,1234570479
12346203,1234571191
12348807,1234568452
12348018,1234569792
12349061,1234569158
12349779,1234568890
12349553,1234568136
12350573,1234567975
12347749,1234572561
12347588,1234571254
12346753,1234569182
12349987,1234572727
12346114,1234569668
12348333,1234568958
12348157,1234571802
12346904,1234572206
12348121,1234571658
12348433,1234568428
12348548,1234571807
12348361,1234572651
12345828,1234569701
12347443,1234570557
12350269,1234571521
12345975,1234567985
12349996,1234570287
12350619,1234570227
12348052,1234570330
12349241,1234571536
12347403,1234570841
12348438,1234569094
12349015,1234568761
12346878,1234572732
12348027,1234568630
12348416,1234570454
12349374,1234568308
12350313,1234571101
12348549,1234571244
12349007,1234568320
12348273,1234569782
12346939,1234569914
12346449,1234571503
12347131,1234569059
12348368,1234569186
12349549,1234570553
12346700,1234568729
12349054,1234567905
12350456,1234570755
12348216,1234572040
12348499,1234571242
12350101,1234572356
12346177,1234567922
12346922,1234568625
12345733,1234571911
12345757,1234569318
12348321,1234568718
12349043,1234570815
12346040,1234569334
12347755,1234572647
12349180,1234568837
12346259,1234569022
12348765,1234570800
12346866,1234571349
12347438,1234569098
12345785,1234572138
12349161,1234572559
12349057,1234569193
12350347,1234569702
12349460,1234569331
12346399,1234570975
12350168,1234570116
12349992,1234571054
12349556,1234571372
12349164,1234568332
12346112,1234568764
12348745,1234569684
12348581,1234569122
12349113,1234569335
12347985,1234572012
12346302,1234570118
12349132,1234567980
12349989,1234568466
12347996,1234570937
12349230,1234571674
12349555,1234571491
12348664,1234571697
12348540,1234572065
12349364,1234570045
12348981,1234568510
12348519,1234572033
12349787,1234570281
12347321,1234568756
12345996,1234567895
12349662,1234571899
12347905,1234572641
12348509,1234568664
12345996,1234568670
12348900,1234568568
12349694,1234572485
12348518,1234568635
12348614,1234569207
12349784,1234570579
12350355,1234568782
12346821,1234568175
12349766,1234571920
12349302,1234571279
12347831,1234568426
12346615,1234570116
12345710,1234572778
12346613,1234571803
12349013,1234567959
12346231,1234569177
12347312,1234572195
12346609,1234568926
12350409,1234570936
12347728,1234572537
12348998,1234572299
12349860,1234568673
12350305,1234571626
12346727,1234568729
12348925,1234571871
12346247,1234571460
12350490,1234571504
12346266,1234572522
12348347,1234570281
12348246,1234571546
12349792,1234571606
12347582,1234570046
12350431,1234570806
12349871,1234568749
12346922,1234572669
12346561,1234571903
12345888,1234568483
12348697,1234570933
12349197,1234571814
12345939,1234571018
12346963,1234569214
12348932,1234569372
12345746,1234571919
12346331,1234571993
12347491,1234571439
12346717,1234570103
12348659,1234569161
12348463,1234568690
12347650,1234571118
12349173,1234571939
12350294,1234568056
12348119,1234568426
12348342,1234568301
12349363,1234568101
12350282,1234569660
12345850,1234569727
12345843,1234568600
12346017,1234570620
12349932,1234570817
12346081,1234572033
12346035,1234571500
12349757,1234570556
12349225,1234569794
12348373,1234572071
12350060,1234570213
12349457,1234569249
12349850,1234568241
12350180,1234572429
12346665,1234572420
12348898,1234572612
12347847,1234570379
12348942,1234572543
12349895,1234571787
12347816,1234571787
12347439,1234570968
12346922,1234572054
12345734,1234568181
12347510,1234572131
12347056,1234569426
12346362,1234571348
12345949,1234572066
12346599,1234570844
12346540,1234569425
12346026,1234568429
12350120,1234570318
12347283,1234572392
12347101,1234568853
12350631,1234572750
12349552,1234568514
12350032,1234569940
12347101,1234572487
12350376,1234567984
12347682,1234569776
12348810,1234572120
12347073,1234569422
12346387,1234569735
12346818,1234572223
12347152,1234570681
12349530,1234572466
12346625,1234568390
12348543,1234572538
12347409,1234569325
12347098,1234571133
12347911,1234568016
12347616,1234568890
12350490,1234570007
12345732,1234572613
12349304,1234570723
12347829,1234568025
12347422,1234571222
12349006,1234571042
12345939,1234569894
12350202,1234569991
12350092,1234569882
12349311,1234568355
12347657,1234572753
12349166,1234571882
12345712,1234570114
12347410,1234571467
12350655,1234571586
12347247,1234570867
12349304,1234570474
12350471,1234571528
12348387,1234570095
12346040,1234568961
12348069,1234570461
12347805,1234572413
12348627,1234571373
12349559,1234569586
12350324,1234568694
12347946,1234568653
12347761,1234570454
12345685,1234570523
12349040,1234570569
12348386,1234568450
12346975,1234571858
12346564,1234570773
12348741,1234568495
12345917,1234569129
12350667,1234572260
12348605,1234571601
12348985,1234568103
12345946,1234568625
12346393,1234569588
12347728,1234572365
12349092,1234571846
12348806,1234570569
12346453,1234572771
12350007,1234569819
12349092,1234570785
12349812,1234568567
12347898,1234572116
12346965,1234572671
12349571,1234572379
12348730,1234569230
12348094,1234570394
12349454,1234568874
12345864,1234572605
12350329,1234571283
12349698,1234568932
12347172,1234570622
12348354,1234572881
12346058,1234571869
12349422,1234571971
12345745,1234572156
12347118,1234568922
12349356,1234571225
12347567,1234568971
12350104,1234569801
12350522,1234572725
12348692,1234571415
12350363,1234568003
12349678,1234572362
12346817,1234571060
12348862,1234571246
12350362,1234569912
12349851,1234569126
12348044,1234568764
12346656,1234569569
12348718,1234568830
12350341,1234568929
12350150,1234572149
12347810,1234570944
12349583,1234568239
12348399,1234572505
12347427,1234568974
12349805,1234569384
12346628,1234570479
12349282,1234571515
12346324,1234569407
12346863,1234568806
12349000,1234570523
12350211,1234572555
12347781,1234570709
12347497,1234569997
12349309,1234568181
12346387,1234571681
12346919,1234571760
12347606,1234571228
12349304,1234569133
12350140,1234569014
12347235,1234571246
12348473,1234571197
12348852,1234568116
12347552,1234570473
12347615,1234568130
12349745,1234569676
12345990,1234568101
12348536,1234570857
12347009,1234568472
12349495,1234568570
12346382,1234571316
12349850,1234569602
12349979,1234570872
12347568,1234570318
12348592,1234569660
12348354,1234568303
12347021,1234569403
12347714,1234572486
12346954,1234569744
12346333,1234569875
12345916,1234569805
12347106,1234570793
12347080,1234572046
12347422,1234570655
12348007,1234570156
12345848,1234571120
12349618,1234570290
12346928,1234571727
12348502,1234572657
12349888,1234571570
12345809,1234568180
12349899,1234570289
12349982,1234568732
12347876,1234567898
12346058,1234571520
12347273,1234572371
12346545,1234570914
12347184,1234572696
12348423,1234570435
12349131,1234570405
12347607,1234569349
12350020,1234568638
12348443,1234569924
12347626,1234571372
12350207,1234572714
12348031,1234569400
12350410,1234569909
12345774,1234569099
12346051,1234568680
12348343,1234568602
12348067,1234570512
12348363,1234570174
12346276,1234570083
12346652,1234568572
12348717,1234571095
12350479,1234572261
12349809,1234568023
12350436,1234571758
12347676,1234571461
12349527,1234569886
12349146,1234572434
12349390,1234572394
12347049,1234568401
12346776,1234572134
12348045,1234570845
12349613,1234571829
12347602,1234569168
12349209,1234568559
12350209,1234570278
12347121,1234572770
12347765,1234569351
12349181,1234570682
12349901,1234568820
12349498,1234572297
12347417,1234571990
12350088,1234570987
12349365,1234569476
12346741,1234568993
12350072,1234572212
12346125,1234572105
12345934,1234570726
12346109,1234570359
12350412,1234569882
12347352,1234572028
12348524,1234570927
12346761,1234569464
12348774,1234567902
12345921,1234568962
12349585,1234571922
12347037,1234569115
12348769,1234570560
12346917,1234568655
12349463,1234568198
12350189,1234569031
12350480,1234569709
12348868,1234572627
12349270,1234572890
12349418,1234572287
12346913,1234568409
12348169,1234570602
12349550,1234572623
12346955,1234567966
12347563,1234569375
12350020,1234570833
12347233,1234571966
12349490,1234570206
12346781,1234568425
12347990,1234568455
12346721,1234572449
12349216,1234568653
12349692,1234568685
12348341,1234572860
12347452,1234571375
12346929,1234570228
12347325,1234568127
12348683,1234569500
12346028,1234568741
12350400,1234572701
12347272,1234570614
12345955,1234570468
12349047,1234571983
12349704,1234569672
12348079,1234568383
12347572,1234569225
12349711,1234572193
12350125,1234568097
12347190,1234571796
12349938,1234567995
12349005,1234572470
12349292,1234571075
12346941,1234572342
12348590,1234568012
12345737,1234569235
12346544,1234569810
12346751,1234570120
12349223,1234572635
12347560,1234569929
12346622,1234571203
12346211,1234572092
12346799,1234568164
12346520,1234572445
12349673,1234570527
12349567,1234570762
12348788,1234569354
12350389,1234569964
12348915,1234569080
12349482,1234572331
12349799,1234569507
12347521,1234568323
12349126,1234570123
12348456,1234571911
12350520,1234568021
12347063,1234570155
12349785,1234572585
12346614,1234571689
12347264,1234569244
12347656,1234569275
12349513,1234571511
12347290,1234570606
12348067,1234570212
12347117,1234570458
12349818,1234571392
12345750,1234568745
12347770,1234568933
12347462,1234571136
12348182,1234569308
12350122,1234568657
12346049,1234572246
12350165,1234568341
12349762,1234571658
12350603,1234570116
12348522,1234569306
12350230,1234571417
12346454,1234572516
12348736,1234571258
12345878,1234572440
12348205,1234568011
12345759,1234571783
12350457,1234569840
12347068,1234570165
12350509,1234568301
12348865,1234572428
12346247,1234571091
12348270,1234570278
12348699,1234569141
12350521,1234571847
12348728,1234571201
12346052,1234570566
12345758,1234571088
12350520,1234571818
12345844,1234569952
12349446,1234571061
12346331,1234569739
12347372,1234572362
12348409,1234572323
12347394,1234569419
12345705,1234568179
12346594,1234571730
12348145,1234569205
12345774,1234570575
12350636,1234571357
12346067,1234570007
12348602,1234568193
12349911,1234569650
12345992,1234572518
12348724,1234569267
12350375,1234570063
12346681,1234572631
12347700,1234568467
12347731,1234571730
12345861,1234572867
12347853,1234569150
12349924,1234569919
12346025,1234570587
12349126,1234568899
12347637,1234568023
12346123,1234569842
12347695,1234572040
12348525,1234571878
12350532,1234570791
12349144,1234571760
12349852,1234571362
12348428,1234572260
12349696,1234568873
12350637,1234568496
12350332,1234569407
12349620,1234569494
12349104,1234568679
12347858,1234568641
12349058,1234571592
12348258,1234570478
12349868,1234568444
12348578,1234569274
12345733,1234569174
12350076,1234572867
12347810,1234568539
12350244,1234572554
12345925,1234568814
12346933,1234572387
12347624,1234572058
12349812,1234568575
12348723,1234571354
12347136,1234571845
12347838,1234571260
12350008,1234568112
12349357,1234569491
12350373,1234570104
12346919,1234571321
12349804,1234572023
12346433,1234572129
12348656,1234568830
12346609,1234571812
12349705,1234571417
12345807,1234569890
12349434,1234568117
12348891,1234571421
12348702,1234568227
12347676,1234572485
12345712,1234568557
12349829,1234568739
12348622,1234569975
12349851,1234570212
12347524,1234572484
12346997,1234570400
12349077,1234570485
12347512,1234570952
12348854,1234570727
12347764,1234571341
12350501,1234571473
12348315,1234568657
12346854,1234568646
12348123,1234571567
12346391,1234572038
12348205,1234569935
12346426,1234570401
12345856,1234572034
12347506,1234572233
12350388,1234572256
12350110,1234569472
12346978,1234572407
12349852,1234569757
12350584,1234568300
12348453,1234569602
12347522,1234571699
12347699,1234570134
12347228,1234568889
12348428,1234567982
12347990,1234568981
12345883,1234571712
12346916,1234570308
12348875,1234569961
12348722,1234569066
12346389,1234570130
12349937,1234568780
12345779,1234572869
12347038,1234572156
12347948,1234572132
12346378,1234568190
12350530,1234571536
12349231,1234569803
12347933,1234571859
12346986,1234570448
12350159,1234569715
12347809,1234568524
12345926,1234568164
12346237,1234570120
12347474,1234568229
12347481,1234568718
12348215,1234570218
12345823,1234567942
12346842,1234567907
12347183,1234568988
12348696,1234572512
12348922,1234568767
12347561,1234570613
12346180,1234571457
12350252,1234568605
12349909,1234572656
12347850,1234569563
12350459,1234571357
12350365,1234569888
12346214,1234570283
12348332,1234569194
12345889,1234570874
12346656,1234568855
12346194,1234572332
12345834,1234570725
12345930,1234570804
12347371,1234569160
12348950,1234570900
12348838,1234572259
12347473,1234572293
12346074,1234569622
12347023,1234570221
12347129,1234569650
12345753,1234570760
12348555,1234568773
12349850,1234571592
12346052,1234568099
12347320,1234569500
12346175,1234572154
12346458,1234568046
12348879,1234569158
12347438,1234572554
12349303,1234571235
12346792,1234569328
12347937,1234570638
12346212,1234570816
12349618,1234568049
12347584,1234571118
12347315,1234571485
12347756,1234571921
12346008,1234570560
12347649,1234572198
12348308,1234571059
12347083,1234571863
12346117,1234571543
12350344,1234572753
12348594,1234570180
12350427,1234569409
12348768,1234570897
12349380,1234568837
12349406,1234568724
12347018,1234568370
12345771,1234572324
12348309,1234571387
12349513,1234569327
12348241,1234572113
12346672,1234569719
12350337,1234570052
12347344,1234569133
12347627,1234572325
12348840,1234571307
12349297,1234570015
12348792,1234570296
12347288,1234570785
12348438,1234572221
12350515,1234570486
12349329,1234570022
12346639,1234568672
12350121,1234571961
12345740,1234571429
12347895,1234569103
12347117,1234572039
12346151,1234568025
12347556,1234572238
12350155,1234569382
12349890,1234570800
12348638,1234572309
12349057,1234568488
12346579,1234572654
12350422,1234570156
12347414,1234570961
12348185,1234568269
12349544,1234571163
12349835,1234572578
12347642,1234571158
12349719,1234571631
12345741,1234570766
12348874,1234568482
12348059,1234570225
12349080,1234568915
12349598,1234571855
12347440,1234572816
12347679,1234570089
12350152,1234570126
12349219,1234570887
12348217,1234572438
12349484,1234572051
12349441,1234568115
12347860,1234568366
12349440,1234568446
12348743,1234568277
12348255,1234571457
12348073,1234569405
12345790,1234568091
12347855,1234568826
12347687,1234569554
12347537,1234570370
12345887,1234572795
12348268,1234571943
12347145,1234572174
12347104,1234571290
12346766,1234569856
12349745,1234572208
12348642,1234569271
12347397,1234571336
12350442,1234568194
12347066,1234569959
12346463,1234570319
12350202,1234569130
12349717,1234569035
12349642,1234570144
12348803,1234570798
12348868,1234569856
12346941,1234572670
12347464,1234569801
12349455,1234569037
12349660,1234568710
12348651,1234569791
12346070,1234568700
12345794,1234569520
12346959,1234572358
12349347,1234571946
12350623,1234572530
12347624,1234568084
12347119,1234570682
12346319,1234571985
12347602,1234571037
12346832,1234568926
12346461,1234569597
12347168,1234570388
12347841,1234568015
12346559,1234570371
12347781,1234572597
12350250,1234568146
12346463,1234571348
12350154,1234571209
12350461,1234569580
12346475,1234569416
12347940,1234568008
12346823,1234569529
12345714,1234568579
12348582,1234569783
12347261,1234571306
12347332,1234569536
12350138,1234571377
12348575,1234571632
12350092,1234571305
12350497,1234572032
12347086,1234570352
12349331,1234572579
12348798,1234570931
12347720,1234570931
12350354,1234569230
12347017,1234572650
12349812,1234567951
12349148,1234572396
12346352,1234568329
12349587,1234569649
12345737,1234572090
12350444,1234571227
12349567,1234570402
12349310,1234568940
12349648,1234570781
12350186,1234570522
12347006,1234567968
12346997,1234570849
12348858,1234569779
12350217,1234569510
12348540,1234572176
12349093,1234569033
12347452,1234571271
12347030,1234571141
12348681,1234570730
12346234,1234569969
12347999,1234571963
12350083,1234572328
12349601,1234569313
12346085,1234572802
12345769,1234572326
12347123,1234571765
12347737,1234568228
12349264,1234569359
12350566,1234570283
12348637,1234569848
12350350,1234570449
12349744,1234571062
12348389,1234569238
12348498,1234568835
12350571,1234570893
12346385,1234568654
12349712,1234569811
12346139,1234569277
12349308,1234569644
12347449,1234569573
12345784,1234570718
12347284,1234572604
12349574,1234570971
12347462,1234569241
12349403,1234572251
12348117,1234572857
12349584,1234568491
12347646,1234568652
12349272,1234569358
12350273,1234572145
12349916,1234572437
12347633,1234570973
12347480,1234572257
12350401,1234571761
12346374,1234571214
12348070,1234568937
12346776,1234570750
12346383,1234568564
12350289,1234568157
12347429,1234570808
12348147,1234570671
12348496,1234571712
12346508,1234571794
12348094,1234568979
12349246,1234571036
12349137,1234570591
12346362,1234568735
12347511,1234568811
12349680,1234569555
12350544,1234568361
12347439,1234569696
12347922,1234570100
12350594,1234572743
12350546,1234572426
12350557,1234571770
12347205,1234572883
12348128,1234571960
12346945,1234570592
12345697,1234571906
12347066,1234567952
12350598,1234567923
12348630,1234567945
12346472,1234571104
12349298,1234569581
12348574,1234572803
12347450,1234569964
12350653,1234572495
12348873,1234570200
12349954,1234567968
12348195,1234570066
12347942,1234570158
12346541,1234568752
12348303,1234572789
12349185,1234569657
12346404,1234570367
12346515,1234568497
12347399,1234571732
12348931,1234570095
12350647,1234570079
12349729,1234572030
12349435,1234570074
12350588,1234568518
12347965,1234568816
12345727,1234570621
12346491,1234569158
12350653,1234572890
12348532,1234570990
12349277,1234572253
12347996,1234571461
12346971,1234571265
12348815,1234572422
12347008,1234569351
12348772,1234568897
12349986,1234571299
12349777,1234571710
12346418,1234572792
12346286,1234569994
12350096,1234570906
12348500,1234568886
12348950,1234568522
12349301,1234569938
12348033,1234570283
12350547,1234569537
12345866,1234568140
12347636,1234568133
12349185,1234570734
12347024,1234568335
12349416,1234570126
12347696,1234569333
12346060,1234571286
12349129,1234571041
12348006,1234569376
12346467,1234571069
12348420,1234571939
12350649,1234568020
12347334,1234571076
12348512,1234570280
12346211,1234570524
12350272,1234572181
12350663,1234571047
12347911,1234568991
12350134,1234571242
12346507,1234570093
12348634,1234572619
12347765,1234572365
12350154,1234571460
12350120,1234568444
12349492,1234570500
12348823,1234572768
12345845,1234570869
12349629,1234570968
12348324,1234571679
12345823,1234569678
12348780,1234569079
12345731,1234572046
12347856,1234568444
12346757,1234572796
12350318,1234570945
12350154,1234572306
12349666,1234571971
12349682,1234570668
12347880,1234568797
12347396,1234568383
12348472,1234571279
12346302,1234571023
12347285,1234568358
12345754,1234570853
12348857,1234571849
12346939,1234570149
12348148,1234570533
12347122,1234569003
12347547,1234571016
12346738,1234571288
12349084,1234569387
12347738,1234571449
12347722,1234569286
12345862,1234569544
12349773,1234569384
12349052,1234569306
12347655,1234568754
12347712,1234570427
12347534,1234569903
12346755,1234570273
12347407,1234568120
12349159,1234571014
12346962,1234572103
12349387,1234570341
12348677,1234567900
12347183,1234571693
12345702,1234572400
12349290,1234569002
12349553,1234571163
12349418,1234570588
12348919,1234568180
12347471,1234571890
12349721,1234571955
12348573,1234570355
12347286,1234569696
12347294,1234568358
12348564,1234568539
12350190,1234570031
12347750,1234570214
12348175,1234570379
12346358,1234571634
12348320,1234571342
12346484,1234571202
12347605,1234568440
12350142,1234572637
12346777,1234571233
12350569,1234571022
12347316,1234570126
12350295,1234571020
12346893,1234569197
12346537,1234570904
12349421,1234571415
12346329,1234572032
12345699,1234569808
12346125,1234570445
12349103,1234571056
12350588,1234571336
12349481,1234569507
12348367,1234569760
12346252,1234571870
12349794,1234570981
12349008,1234572719
12350076,1234570180
12346239,1234569418
12346624,1234572824
12346661,1234570873
12347310,1234571794
12349830,1234570572
12347072,1234568923
12347364,1234568621
12348103,1234572683
12347668,1234571358
12348791,1234572640
12349783,1234571465
12350678,1234572813
12348490,1234569343
12348543,1234570490
12350663,1234568548
12346283,1234571260
12347194,1234569593
12348509,1234570033
12346359,1234572517
12350434,1234571871
12347385,1234572199
12346194,1234572494
12346999,1234570943
12347062,1234568427
12349511,1234571380
12348093,1234569554
12350143,1234572042
12347299,1234572090
12350584,1234568577
12349051,1234572673
12348100,1234572220
12345706,1234568401
12347604,1234570052
12346173,1234567961
12349707,1234571405
12348151,1234572825
12349784,1234569816
12345735,1234572119
12350128,1234571033
12346985,1234570390
12345938,1234568206
12346347,1234571792
12350452,1234568714
12347665,1234572065
12347253,1234569813
12349140,1234568289
12347505,1234571323
12349882,1234571448
12347772,1234567969
12345930,1234569351
12350377,1234570313
12346743,1234572478
12345804,1234571819
12346586,1234569662
12346971,1234569396
12349978,1234569254
12346404,1234571197
12347320,1234568486
12346764,1234570829
12345800,1234568536
12349421,1234568225
12347991,1234567939
12346023,1234569517
12347267,1234571349
12348876,1234570584
12346526,1234568641
12347613,1234572202
12345897,1234570477
12350628,1234572014
12347376,1234571686
12350149,1234569510
12345943,1234571121
12350339,1234570246
12347079,1234569622
12348334,1234571151
12346138,1234568864
12350009,1234568936
12347036,1234572478
12348148,1234571060
12348980,1234571092
12349557,1234570688
12346024,1234570159
12349426,1234569991
12347207,1234568420
12349099,1234570033
12350112,1234569407
12348282,1234569660
12347651,1234569638
12348051,1234569814
12349920,1234568942
12348250,1234572289
12346615,1234572031
12349093,1234571333
12350108,1234568089
12349385,1234569495
12346732,1234568390
12349728,1234568393
12349722,1234571396
12345682,1234568101
12349845,1234569526
12346664,1234572819
12350330,1234568761
12346936,1234568391
12349450,1234570584
12347532,1234569377
12349255,1234571950
12349406,1234569286
12348610,1234571785
12349758,1234568786
12350528,1234572859
12346816,1234571744
12350207,1234572398
12348357,1234569233
12345732,1234572315
12346016,1234570512
12348734,1234572297
12348191,1234569395
12350331,1234568033
12346808,1234572595
12345772,1234571432
12347270,1234569577
12345947,1234572515
12346873,1234568181
12346995,1234571392
12347616,1234572330
12348383,1234569144
12346561,1234572448
12347629,1234571775
12346191,1234569471
12349770,1234570144
12348628,1234568165
12347204,1234570638
12345795,1234571489
12346205,1234569886
12347070,1234568350
12350214,1234569925
12349435,1234570655
12347181,1234569525
12350348,1234572520
12348804,1234570171
12346069,1234572442
12348513,1234571551
12350649,1234572370
12349813,1234570556
12347660,1234568670
12350416,1234570832
12347159,1234569093
12349268,1234569683
12349846,1234570654
12346421,1234570188
12348805,1234571885
12347261,1234568627
12346622,1234572682
12347347,1234569048
12349379,1234572879
12347682,1234569067
12349050,1234569467
12350063,1234568371
12347588,1234569395
12348259,1234572108
12348994,1234571292
12349337,1234568189
12346541,1234568221
12346683,1234569595
12345899,1234567972
12346927,1234571176
12349860,1234571832
12348431,1234570395
12346829,1234570596
12347635,1234570004
12347060,1234571510
12345725,1234569052
12345793,1234572005
12348269,1234570179
12349595,1234568409
12349157,1234568471
12347094,1234572210
12348978,1234572316
12349075,1234570577
12349490,1234568019
12346410,1234568622
12349550,1234570189
12349563,1234571164
12348643,1234570906
12350606,1234568591
12348617,1234571420
12348252,1234572185
12347833,1234571533
12349559,1234571082
12347120,1234570266
12349628,1234568969
12349014,1234569930
12350634,1234571126
12347395,1234571431
12346471,1234572238
12348822,1234570635
12348552,1234568979
12349746,1234571498
12347364,1234568342
12349086,1234568880
12347830,1234570798
12346740,1234570460
12349659,1234569717
12349187,1234572801
12349660,1234568461
12347313,1234568392
12348734,1234568526
12347669,1234571673
12349187,1234572545
12346389,1234570559
12346732,1234571841
12347502,1234571993
12348610,1234571226
12349090,1234572843
12349258,1234569809
12348420,1234568738
12350318,1234572063
12349490,1234568841
12349149,1234570559
12348767,1234568747
12347519,1234569238
12346681,1234570464
12349327,1234569598
12347270,1234569663
12346252,1234570652
12346848,1234570897
12347800,1234572889
12348055,1234570244
12349855,1234571043
12350224,1234572547
12350065,1234570039
12349405,1234572683
12350146,1234571488
12348154,1234568296
12346859,1234571798
12349302,1234570581
12346206,1234571688
12350457,1234569907
12350569,1234568632
12345945,1234571944
12348908,1234572362
12348850,1234571326
12345830,1234570052
12347308,1234571617
12348479,1234568339
12348166,1234570072
12348963,1234569227
12347726,1234572046
12349292,1234571334
12346997,1234570742
12348618,1234569795
12348446,1234568216
12346060,1234572069
12349335,1234572687
12350237,1234571204
12349618,1234569059
12348585,1234568367
12347588,1234568399
12346919,1234571877
12349949,1234571079
12346153,1234569305
12347924,1234569308
12347345,1234568059
12348662,1234568993
12348698,1234572651
12349924,1234572365
12346835,1234570382
12349048,1234568023
12349257,1234569109
12345757,1234572493
12347406,1234569889
12347095,1234569002
12347649,1234571624
12349994,1234569861
12348425,1234572558
12349780,1234571492
12349421,1234570929
12347971,1234570379
12347481,1234570065
12347197,1234572577
12348325,1234570633
12349779,1234572480
12346449,1234570822
12346725,1234572289
12348620,1234568809
12347565,1234568569
12345710,1234571321
12349553,1234570307
12347313,1234571008
12348632,1234572784
12348465,1234568347
12349427,1234569093
12347455,1234569247
12349691,1234571964
12347211,1234572265
12349310,1234570806
12349567,1234571402
12349320,1234572529
12350168,1234570388
12348761,1234569108
12347047,1234571017
12349013,1234569996
12350550,1234572840
12347625,1234569647
12348593,1234572183
12349741,1234572699
12346475,1234571934
12345769,1234571665
12346052,1234568144
12350193,1234570704
12345941,1234568066
12348077,1234572030
12350457,1234568343
12345771,1234571413
12348086,1234569870
12348020,1234572573
12346048,1234569061
12346254,1234569001
12347707,1234570158
12349895,1234568561
12346830,1234572657
12348688,1234569495
12346030,1234570641
12348294,1234569302
12348302,1234568060
12350047,1234568404
12349386,1234569594
12346559,1234569631
12348652,1234572745
12348853,1234569364
12346823,1234571446
12349926,1234572353
12345937,1234568271
12348425,1234568979
12350465,1234569678
12346155,1234571894
12350368,1234570641
12348127,1234572190
12347984,1234569626
12349423,1234570857
12347212,1234568421
12350342,1234572869
12346267,1234572618
12346328,1234572727
12346713,1234570913
12347751,1234571135
12347614,1234571849
12346466,1234572228
12349913,1234570590
12346941,1234572208
12348345,1234570776
12349159,1234568832
12345803,1234567979
12348013,1234567942
12348215,1234568147
12346959,1234571398
12348153,1234568517
12348972,1234571506
12346849,1234570309
12350317,1234569267
12346221,1234571031
12348628,1234568158
12346374,1234568214
12350462,1234572724
12349312,1234571594
12349980,1234568630
12348113,1234572135
12347720,1234569237
12345971,1234569009
12347837,1234569530
12348060,1234568268
12347794,1234570284
12348168,1234569184
12348547,1234571753
12350022,1234569367
12346165,1234572628
12349052,1234572561
12348514,1234571461
12348463,1234571894
12350534,1234569981
12345810,1234570025
12349440,1234572865
12348686,1234571434
12348855,1234568712
12349036,1234572284
12349953,1234571476
12349478,1234571979
12350612,1234569264
12346710,1234572712
12347575,1234571267
12348070,1234571043
12349641,1234569074
12349606,1234569459
12348737,1234570708
12346469,1234572749
12349567,1234569699
12346233,1234568558
12350117,1234570552
12348026,1234568360
12349640,1234568961
12346695,1234569212
12349593,1234570293
12348197,1234568184
12346241,1234569575
12349285,1234571285
12346256,1234571009
12348765,1234568488
12348379,1234570509
12346866,1234569462
12348835,1234571045
12350312,1234571795
12350493,1234571071
12347764,1234568413
12349759,1234569127
12348099,1234568292
12348081,1234572679
12347203,1234569222
12348872,1234570013
12349286,1234567924
12347923,1234571784
12346463,1234570362
12347058,1234570578
12350588,1234569950
12346324,1234572737
12347949,1234568598
12346888,1234569084
12349491,1234571979
12346307,1234571813
12350232,1234572555
12350545,1234570858
12350533,1234571653
12348442,1234568234
12350594,1234570209
12350616,1234571568
12348834,1234570347
12350355,1234571159
12349281,1234569948
12346026,1234572185
12345839,1234572184
12348294,1234569942
12345857,1234570842
12350259,1234568489
12349257,1234571175
12348271,1234572026
12349370,1234569647
12346499,1234569488
12345776,1234569572
12347902,1234569908
12350189,1234571686
12348539,1234572417
12348427,1234571830
12346021,1234572055
12348889,1234570770
12349401,1234570297
12347601,1234571020
12348711,1234572215
12350526,1234571352
12348631,1234570691
12346403,1234572699
12349852,1234569172
12348733,1234569785
12349027,1234568326
12347870,1234569659
12350411,1234570972
12346484,1234568505
12346505,1234571492
12346320,1234569043
12349041,1234568549
12347038,1234568206
12348065,1234567917
12346376,1234569348
12350016,1234568546
12349459,1234570568
12345750,1234568488
12349833,1234570948
12347782,1234571538
12346635,1234571182
12349884,1234567950
12345843,1234570626
12349424,1234572440
12350009,1234569532
12346198,1234568907
12346077,1234570502
12345724,1234568976
12346930,1234568283
12350186,1234568854
12345742,1234571291
12349310,1234568187
12349163,1234572139
12346266,1234570292
12350399,1234567960
12346677,1234571848
12347303,1234571684
12347530,1234569061
12350404,1234570493
12350207,1234571521
12349530,1234572034
12347621,1234568117
12348397,1234570846
12349413,1234571568
12348371,1234568089
12347088,1234569479
12347398,1234568122
12350393,1234572056
12348705,1234568763
12350321,1234571265
12346122,1234572031
12349931,1234571431
12349009,1234570292
12349201,1234571421
12348693,1234570655
12346197,1234569998
12347794,1234569190
12346790,1234570362
12347217,1234567904
12346222,1234569122
12347469,1234571105
12347701,1234572494
12347437,1234570829
12345814,1234569176
12346894,1234570815
12348167,1234569078
12350504,1234571731
12348089,1234572222
12349908,1234570387
12348937,1234569811
12346462,1234572169
12346479,1234569469
12346909,1234569820
12347568,1234572882
12349697,1234570409
12346555,1234572718
12346949,1234572050
12347851,1234571273
12346920,1234572786
12349038,1234568085
12348948,1234568769
12347541,1234571581
12350598,1234572580
12346109,1234568902
12350298,1234571245
12345984,1234568338
12346140,1234571262
12349579,1234568046
12345697,1234570260
12347398,1234572634
12347713,1234571541
12348296,1234571965
12346001,1234570725
12348408,1234572663
12347781,1234569377
12349331,1234570430
12349291,1234571629
12346162,1234567957
12348450,1234569924
12347775,1234571616
12346254,1234569408
12349997,1234569549
12348001,1234572439
12348332,1234571571
12347880,1234568300
12349498,1234571405
12349485,1234571486
12348133,1234571915
12346849,1234570436
12348841,1234572291
12347217,1234568283
12348974,1234570745
12348679,1234571182
12349127,1234571223
12350264,1234569786
12346707,1234568229
12346766,1234568928
12348111,1234571756
12348562,1234572600
12349764,1234570028
12349025,1234571597
12348443,1234571861
12349256,1234570188
12346525,1234568066
12345776,1234568982
12350398,1234571643
12347351,1234568315
12349793,1234569669
12346166,1234570619
12347753,1234568306
12347783,1234568856
12349571,1234571474
12346103,1234567917
12347911,1234571626
12348711,1234570709
12345901,1234568038
12350030,1234569805
12346821,1234571140
12350592,1234570986
12347075,1234568085
12349825,1234568248
12346760,1234570309
12345702,1234569576
12350096,1234572708
12346991,1234569506
12347999,1234572148
12350650,1234569174
12349412,1234572628
12350497,1234569511
12349013,1234571243
12348679,1234571292
12347360,1234571604
12347120,1234570603
12346007,1234569754
12346258,1234568477
12347345,1234568599
12348345,1234572640
12349957,1234570870
12347251,1234572437
12345744,1234570363
12347116,1234572719
12348321,1234568794
12347981,1234572131
12349271,1234568614
12346889,1234569533
12348264,1234570680
12346780,1234571973
12345738,1234570758
12347964,1234572678
12348130,1234568500
12345695,1234569578
12345701,1234568001
12346376,1234569331
12346715,1234568932
12346101,1234569470
12348434,1234568787
12349940,1234569192
12348871,1234568671
12350433,1234572411
12347436,1234570162
12350355,1234570026
12346694,1234569629
12347455,1234571891
12349392,1234567921
12347150,1234570593
12347530,1234568750
12348947,1234568302
12346612,1234570210
12349321,1234569088
12349988,1234572168