45401110018
58105150513
44204380059
51180070109
78044600109
01431380059
26681070091
02455690364
58104470109
45301670166
77258830018
11226100455
27501380158
02634300562
01619120109
26713310018
54522430109
54330580851
54503090190
12801410422
54301232717
50379130158
55302830117
01401010109
51052100836
54502440471
41204000265
45312690026
54516360919
26715360109
10073120216
12480030265
41202610497
77269010018
26698410059
41203170885
27501510075
79428980018
12801371115
27570990034
58104721511
54502460075
73773950414
45301120117
79712640018
05030890018
12930330273
54501350273
06573750018
05859160018
28719170018
54350672634
58104500901
58120550794
26715710059
27140070018
01633240018
55380010042
73515430026
54350210224
54515260455
26614720067
84707460018
54301202915
54703970505
28713340018
78050780018
86420550018
45325490125
58104420711
73204030026
52801050109
28735700018
05820850000
78118330018
58104981503
53622190091
54310190034
54515000448
05119120018
52903820471
29318520083
28162140000
26616410067
77016510018
73213710018
41203670067
01222110083
26751320042
80121220018
45606040026
54301192865
01410370109
73777980810
42710200034
28740030075
10074110034
23538000372
79404040026
12424000190
54515001164
44204380042
10074800125
54550510299
41204430679
02455610125
54350081420
74412900026
51053020562
73710840018
41203890497
58105200315
41202720497
03964920018
29373020018
28704600018
80122920018
29318700083
54301140489
45446120000
78701200018
27570130067
10077660059
79042380018
58156940307
45301610349
52280140182
73143160059
12801420869
74402840018
41203710885
79512510018
29443730000
58105230315
74001770018
41202730489
28701310018
12110900455
58120550364
54330241099
41203590869
02454980083
01454000182
78053520018
02426240075
41203720083
41203570661
78118140018
06563560018
13795990018
13088750018
29318780083
54502590703
52340220505
12481720612
58801530398
54350631495
52904000463
26722170018
55344140125
45318300026
28717970018
57601250281
78639040018
01633560562
74411020018
51052100166
58104991321
40130010067
97171080026
12801420521
12960670091
58104651529
27282050075
54522987245
77244420018
41202730869
54502850067
29230990018
12392650117
29020270000
27530410109
78887260059
54515001107
45610500034
52244010448
61077400729
54521170653
51053541917
11667430265
12665700729
51050150885
28735270018
10073780117
02424220455
55380060059
12930340067
86420640042
51053023517
73160320026
54350141677
54301232311
12110410257
78005930018
26780850018
54503090174
68321110018
51052101040
79413590018
73145110018
78133140018
12801370067
54523043673
41204250471
68317860018
73235210026
27410710067
54523044374
27579130216
45654090034
01619120042
77216100018
58104881305
55305730034
54310170067
41204500471
45335200000
13810850018
58104201321
05099040000
06513930018
78111940018
29318310067
58104581313
27542360034
54350422667
41204230893
54350672097
27240760059
23540000281
27310530059
54350272675
41202520471
58105221511
58103880307
27570340091
28701490018
52904041073
27310350083
52903800299
27501010091
75176100083
02634300638
54357026932
28702950018
01425100422
78809800018
23910230083
54301190091
62440040042
78868230034
27571310026
54310233491
28729050018
12481720273
45318200018
12650100497
27571100026
12801330323
45307290075
05819300083
41204130075
45542350000
27410400075
26173310018
68710660018
27570810075
01444920059
41202020281
12801400232
12147073269
68312950042
77274560018
41203080679
12423200083
28626580018
78043550018
27571190083
78803520018
54350521479
12498530877
78223860018
29316840083
12811380810
54301231685
77013760018
45416150018
58141510216
41204230836
73773960448
54330480679
51053541495
54550510588
12480700521
73540380034
54330181057
29111570018
01681350117
27551040018
05802370018
54550270380
28733990018
41203040265
58104741107
02433050166
79407610018
05867160018
73719560018
22640730117
58104890125
12147201263
26687120091
27571170034
76147180034
28723010083
54301170091
54350360034
51101340489
40240260117
29312840067
73514580018
51050150448
41204310661
54310242501
01630340091
02426720125
28732620018
01633240026
54523101974
13003570018
28724870018
54515001644
12960640067
54330261495
27130890018
26634030018
78126410018
55661140331
58801520737
28728350018
54550520513
13810940018
27540030067
58104210109
78868110018
53761250117
27571360091
54350010018
78052140018
01425700620
41203520281
73772600026
45651710067
28723580018
27410700075
58104940711
41203560489
78040470018
26712630109
12630330604
29002160067
51053020091
41203930471
52902730687
27010860000
28727110018
80121720026
74302220018
41204510463
54314631925
41204401081
34334130018
54516380273
54310191479
58104320521
10076840232
27551250067
12970020034
54357027047
41204100075
27540140091
78910000026
52903490075
80184250018
54310242311
42782040232
27410610083
54357010521
78803380018
41202740075
72814910018
28433680000
12910080125
52280010232
50352031750
10075150240
51457032634
54350212667
77206480018
04707220018
72199800042
27510200885
55384140208
73712720018
26681810091
54330240471
41202810836
54310250281
65594510018
54301100505
27220630075
54522801719
54350320489
52903840281
13001060018
55305230042
54301111487
01490801586
58104201503
58120550752
27421320042
41202140281
27130340018
73201980018
54357021107
45319950026
12980020315
54301190661
68309050018
78678460018
29212070026
27550310018
52340220265
12481720711
26720550091
55650020661
05864540067
12801130414
27501380042
66214161073
45308040224
58104021511
50440270117
34230670018
01633560836
41203990679
58104491107
54703970687
27571230018
54522803319
78223130018
27530370158
52902750687
65590390018
27410810034
54350491230
27012670083
41203220067
58104140521
01621231347
54514960448
41202780877
13772590018
12630290141
28727180018
27310620026
41204440091
12811362295
54330241636
27579140075
52244010083
55306850190
12952240224
27531000034
55376550083
54310261123
13794340018
58104700323
55320000034
26681340133
72653020018
13260550018
27213130075
25480300414
72810690018
27501070059
28718440018
74402420018
58104741313
80110110018
68301170026
58104130703
53120430018
97170470414
54581040877
27430270034
27510200851
45303380018
73515380042
41202970265
27530480091
01633280034
54550440927
12480700505
12952240281
78231460018
03984290018
53346990059
58103720521
12423200745
77278700018
68709260026
03908930018
26718720117
28732850018
50265520125
28719350018
78213530018
01425250224
41203550661
34304170018
54350140034
58141510026
53611160109
28626140018
03904240018
77269040018
05116110018
26723600018
74070190018
54522981859
34305200018
54350081065
53101350042
01490360513
26703880042
27501390091
12801110471
54350630281
12110380034
41202170281
41204010687
78041070026
78130960018
27255190034
50352020158
28727360018
51845610075
51457031321
27013350075
79713860018
12665700695
77260300018
05020340018
45605510034
27501500125
51052100125
45324180281
52902620083
52301200182
80106880018
02454830059
30522050117
12910060091
05016500018
29318520067
23010390067
27510880133
26714060042
41202810489
14283610091
52904040067
26615990083
41204270869
27230350059
54317902451
01633560703
41204210695
05144330018
28645750018
80132680018
54522430133
54330350539
05163120018
12155040257
01629780018
27030950018
27530470075
41202020273
01629780083
05865450018
58104211305
58104470315
58104631529
02454850216
27540180034
03907730018
54330480216
12970020109
02553070091
41202780067
78678460075
26718750117
50403690067
27012980067
51450181768
26632210018
58104150521
75146230018
41203870075
20801040067
54501950075
26611230000
27530340117
41203570836
05862370075
12801401024
29231250117
51450030992
41202940273
58340040406
41204130836
79595070018
02424370323
06522600018
01633550760
79707520026
73711880018
72653710018
29231270034
66208810026
13017570018
51180080273
62460010083
73772590042
03909640018
41202790273
02454980141
68317900018
77401190018
58103900125
78052980018
78060100018
65590300018
52902710083
41203130273
45447580018
50435010257
51450190539
10073120174
01633240281
26633420018
12930400026
27571790067
30583640083
28728720018
65556140018
45447830026
12910260729
54519581818
51053020364
23780070067
14190020232
74443020018
29316870083
84707970018
06520000018
14289230083
12801330992
54519570331
26630730042
79335200018
29373680018
41204180075
55384140075
29010480000
54317882097
29335710018
54330151545
29334080018
45323490570
03936880018
51053020505
06511360000
26114250083
58104151115
53642210158
28201950018
58104851529
41203600877
54301240695
04910120018
12811360851
13052980018
26682540075
26682420075
13810180018
73187050109
54350040059
58103781305
54514960794
79404400059
28729870018
84713140018
41202790893
12391900299
27571860026
41202050661
51450020653
54330241271
27550130034
52340290430
27550770026
23910230208
58104580919
27501180083
54350212436
86701850018
54350523020
79335250018
73798420059
54301350471
50435010075
52340250588
73714310034
12601000265
54522982584
81150030018
12292280133
74437760018
45332170000
13735880018
58104431123
54522983921
58103781115
13795370018
54514920661
05118070018
54703970687
27310290042
